# Configuracion:
# Concentracion g/m^3_=_19900.0
# C_Vs_to_Am_M_A/Vsm_=_254322799225.57578
# pendiente_HvsI_1/m_=_3716.3
# ordenada_HvsI_A/m_=_1297.0
# frecuencia_ref_Hz_=_268004.56493214273
# 
Resultados:
# tau_s_=_(8.88+/-1.43)e-08
# dphi_rad_=_6.43+/-0.02
# SAR_W/g_=_332.04+/-79.85
# Hc_kA/m_=_6.74+/-0.96
# Mr_A/m_=_325.94+/-88.56
# Suceptibilidad_a_M=0_=_0.0529+/-0.0089

Nombre_archivo	Time_m	Temperatura_(ºC)	Mr_(A/m)	Hc_(kA/m)	Campo_max_(A/m)	Mag_max_(A/m)	f0	mag0	dphi0	SAR_(W/g)	Tau_(s)	N	xi_M_0
265kHz_100dA_100Mss_NE5X008.txt	04/07/2024 17:50:42	-31.2	199.81	5.57	38460.00	834.44	2.679768e+05	1.374785e+01	6.404943e+00	230.32	7.267074e-08	4478	3.899e-02
265kHz_100dA_100Mss_NE5X009.txt	04/07/2024 17:50:42	-31.2	195.71	5.50	38460.00	830.25	2.680366e+05	1.364391e+01	6.401218e+00	221.66	7.042544e-08	4477	3.851e-02
265kHz_100dA_100Mss_NE5X010.txt	04/07/2024 17:50:43	-29.0	197.71	5.54	38460.00	826.08	2.679768e+05	1.362522e+01	6.404498e+00	227.43	7.240181e-08	4478	3.867e-02
265kHz_100dA_100Mss_NE5X011.txt	04/07/2024 17:50:43	-29.0	194.47	5.44	38460.00	828.57	2.679768e+05	1.363856e+01	6.400300e+00	219.81	6.987308e-08	4478	3.889e-02
265kHz_100dA_100Mss_NE5X012.txt	04/07/2024 17:50:44	-26.6	193.44	5.40	38460.00	825.06	2.679768e+05	1.358979e+01	6.399425e+00	217.40	6.934552e-08	4478	3.881e-02
265kHz_100dA_100Mss_NE5X013.txt	04/07/2024 17:50:44	-26.6	191.59	5.34	38460.00	830.72	2.680366e+05	1.365055e+01	6.396622e+00	213.17	6.765925e-08	4477	3.881e-02
265kHz_100dA_100Mss_NE5X014.txt	04/07/2024 17:50:45	-24.4	193.14	5.41	38460.00	821.83	2.680366e+05	1.354305e+01	6.400197e+00	218.13	6.981063e-08	4477	3.869e-02
265kHz_100dA_100Mss_NE5X015.txt	04/07/2024 17:50:45	-24.4	193.16	5.38	38460.00	824.89	2.679768e+05	1.360256e+01	6.399844e+00	218.38	6.959823e-08	4478	3.900e-02
265kHz_100dA_100Mss_NE5X016.txt	04/07/2024 17:50:46	-21.7	192.25	5.35	38460.00	825.34	2.680366e+05	1.360220e+01	6.398808e+00	216.50	6.897480e-08	4477	3.889e-02
265kHz_100dA_100Mss_NE5X017.txt	04/07/2024 17:50:46	-21.7	189.22	5.25	38460.00	828.58	2.679768e+05	1.363064e+01	6.394667e+00	209.16	6.648370e-08	4478	3.914e-02
265kHz_100dA_100Mss_NE5X018.txt	04/07/2024 17:50:47	-20.3	190.35	5.30	38460.00	823.04	2.680366e+05	1.356283e+01	6.397108e+00	212.71	6.795046e-08	4477	3.896e-02
265kHz_100dA_100Mss_NE5X019.txt	04/07/2024 17:50:48	-19.1	188.81	5.24	38460.00	823.41	2.680366e+05	1.356109e+01	6.395308e+00	209.34	6.686755e-08	4477	3.909e-02
265kHz_100dA_100Mss_NE5X020.txt	04/07/2024 17:50:48	-19.1	187.37	5.20	38460.00	823.80	2.680366e+05	1.356775e+01	6.393603e+00	206.27	6.584217e-08	4477	3.912e-02
265kHz_100dA_100Mss_NE5X021.txt	04/07/2024 17:50:49	-18.1	192.49	5.32	38460.00	819.16	2.680366e+05	1.353990e+01	6.400081e+00	217.87	6.973962e-08	4477	3.913e-02
265kHz_100dA_100Mss_NE5X022.txt	04/07/2024 17:50:49	-18.1	188.33	5.20	38460.00	824.04	2.680366e+05	1.357974e+01	6.394569e+00	208.25	6.642345e-08	4477	3.898e-02
265kHz_100dA_100Mss_NE5X023.txt	04/07/2024 17:50:50	-17.2	186.71	5.16	38460.00	826.58	2.679768e+05	1.360567e+01	6.392874e+00	205.44	6.540414e-08	4478	3.909e-02
265kHz_100dA_100Mss_NE5X024.txt	04/07/2024 17:50:50	-17.2	185.26	5.12	38460.00	829.01	2.680366e+05	1.362129e+01	6.390606e+00	201.48	6.404099e-08	4477	3.905e-02
265kHz_100dA_100Mss_NE5X025.txt	04/07/2024 17:50:51	-16.4	189.61	5.24	38460.00	824.18	2.679768e+05	1.359825e+01	6.397010e+00	213.03	6.789116e-08	4478	3.909e-02
265kHz_100dA_100Mss_NE5X026.txt	04/07/2024 17:50:51	-16.4	191.28	5.26	38460.00	819.62	2.679768e+05	1.356020e+01	6.399165e+00	216.44	6.918896e-08	4478	3.916e-02
265kHz_100dA_100Mss_NE5X027.txt	04/07/2024 17:50:52	-16.1	187.52	5.18	38460.00	822.36	2.679768e+05	1.356064e+01	6.395012e+00	208.73	6.668981e-08	4478	3.909e-02
265kHz_100dA_100Mss_NE5X028.txt	04/07/2024 17:50:52	-16.1	187.88	5.18	38460.00	826.17	2.680366e+05	1.361527e+01	6.394668e+00	208.98	6.648279e-08	4477	3.914e-02
265kHz_100dA_100Mss_NE5X029.txt	04/07/2024 17:50:53	-14.5	186.98	5.18	38460.00	818.93	2.679768e+05	1.350903e+01	6.394834e+00	207.61	6.658283e-08	4478	3.905e-02
265kHz_100dA_100Mss_NE5X030.txt	04/07/2024 17:50:53	-14.5	187.68	5.19	38460.00	821.47	2.680366e+05	1.355028e+01	6.395459e+00	209.45	6.695850e-08	4477	3.901e-02
265kHz_100dA_100Mss_NE5X031.txt	04/07/2024 17:50:54	-13.7	187.54	5.19	38460.00	817.72	2.679768e+05	1.350271e+01	6.396108e+00	209.87	6.734889e-08	4478	3.904e-02
265kHz_100dA_100Mss_NE5X032.txt	04/07/2024 17:50:54	-13.7	190.41	5.23	38460.00	819.44	2.679768e+05	1.356404e+01	6.399094e+00	216.37	6.914543e-08	4478	3.927e-02
265kHz_100dA_100Mss_NE5X033.txt	04/07/2024 17:50:55	-13.0	186.84	5.16	38460.00	820.80	2.680366e+05	1.354226e+01	6.394372e+00	207.31	6.630485e-08	4477	3.906e-02
265kHz_100dA_100Mss_NE5X034.txt	04/07/2024 17:50:55	-13.0	188.42	5.21	38460.00	820.75	2.680366e+05	1.354959e+01	6.396938e+00	212.19	6.784857e-08	4477	3.922e-02
265kHz_100dA_100Mss_NE5X035.txt	04/07/2024 17:50:56	-12.5	188.81	5.19	38460.00	819.36	2.680366e+05	1.354144e+01	6.396893e+00	211.97	6.782205e-08	4477	3.916e-02
265kHz_100dA_100Mss_NE5X036.txt	04/07/2024 17:50:56	-12.5	186.94	5.16	38460.00	822.69	2.680366e+05	1.356890e+01	6.394863e+00	208.63	6.660105e-08	4477	3.907e-02
265kHz_100dA_100Mss_NE5X037.txt	04/07/2024 17:50:57	-12.0	184.41	5.06	38460.00	828.91	2.679768e+05	1.365077e+01	6.391168e+00	202.92	6.438014e-08	4478	3.931e-02
265kHz_100dA_100Mss_NE5X038.txt	04/07/2024 17:50:58	-11.0	183.61	5.08	38460.00	822.99	2.680366e+05	1.354903e+01	6.391237e+00	201.59	6.442217e-08	4477	3.900e-02
265kHz_100dA_100Mss_NE5X039.txt	04/07/2024 17:50:58	-11.0	185.21	5.12	38460.00	822.37	2.680366e+05	1.355092e+01	6.393594e+00	205.99	6.583800e-08	4477	3.898e-02
265kHz_100dA_100Mss_NE5X040.txt	04/07/2024 17:50:59	-10.0	182.67	5.05	38460.00	826.60	2.680366e+05	1.359758e+01	6.390265e+00	200.49	6.383798e-08	4477	3.904e-02
265kHz_100dA_100Mss_NE5X041.txt	04/07/2024 17:50:59	-10.0	186.26	5.14	38460.00	824.06	2.680366e+05	1.359797e+01	6.395261e+00	209.82	6.684046e-08	4477	3.896e-02
265kHz_100dA_100Mss_NE5X042.txt	04/07/2024 17:51:00	-9.1	183.96	5.04	38460.00	831.92	2.679768e+05	1.370024e+01	6.391363e+00	204.03	6.449821e-08	4478	3.907e-02
265kHz_100dA_100Mss_NE5X043.txt	04/07/2024 17:51:00	-9.1	181.96	5.04	38460.00	822.32	2.679768e+05	1.354390e+01	6.390745e+00	200.55	6.412559e-08	4478	3.863e-02
265kHz_100dA_100Mss_NE5X044.txt	04/07/2024 17:51:01	-8.7	184.06	5.11	38460.00	819.91	2.680366e+05	1.351169e+01	6.394126e+00	206.38	6.615802e-08	4477	3.872e-02
265kHz_100dA_100Mss_NE5X045.txt	04/07/2024 17:51:01	-8.7	184.58	5.11	38460.00	820.64	2.679768e+05	1.353781e+01	6.394334e+00	207.12	6.628362e-08	4478	3.872e-02
265kHz_100dA_100Mss_NE5X046.txt	04/07/2024 17:51:02	-8.0	181.71	5.01	38460.00	825.11	2.679768e+05	1.358100e+01	6.389895e+00	199.52	6.361553e-08	4478	3.879e-02
265kHz_100dA_100Mss_NE5X047.txt	04/07/2024 17:51:02	-8.0	180.18	4.94	38460.00	833.35	2.679768e+05	1.368734e+01	6.386708e+00	195.10	6.170178e-08	4478	3.911e-02
265kHz_100dA_100Mss_NE5X048.txt	04/07/2024 17:51:03	-7.1	184.94	5.12	38460.00	824.27	2.680366e+05	1.358166e+01	6.394187e+00	207.57	6.619451e-08	4477	3.890e-02
265kHz_100dA_100Mss_NE5X049.txt	04/07/2024 17:51:03	-7.1	184.35	5.07	38460.00	827.74	2.680366e+05	1.362798e+01	6.391771e+00	203.76	6.474278e-08	4477	3.914e-02
265kHz_100dA_100Mss_NE5X050.txt	04/07/2024 17:51:04	-7.1	182.95	5.03	38460.00	830.49	2.679768e+05	1.365599e+01	6.389083e+00	199.10	6.312734e-08	4478	3.906e-02
265kHz_100dA_100Mss_NE5X051.txt	04/07/2024 17:51:04	-7.1	187.93	5.17	38460.00	825.74	2.679768e+05	1.361515e+01	6.394972e+00	209.50	6.666692e-08	4478	3.925e-02
265kHz_100dA_100Mss_NE5X052.txt	04/07/2024 17:51:05	-6.6	188.24	5.11	38460.00	837.55	2.680366e+05	1.378029e+01	6.390994e+00	204.57	6.427564e-08	4477	3.979e-02
265kHz_100dA_100Mss_NE5X053.txt	04/07/2024 17:51:05	-6.6	195.22	5.24	38460.00	834.91	2.679768e+05	1.381028e+01	6.396984e+00	216.31	6.787677e-08	4478	4.045e-02
265kHz_100dA_100Mss_NE5X054.txt	04/07/2024 17:51:06	-6.2	199.99	5.34	38460.00	837.80	2.680366e+05	1.386138e+01	6.399779e+00	222.47	6.955806e-08	4477	4.063e-02
265kHz_100dA_100Mss_NE5X055.txt	04/07/2024 17:51:07	-5.9	200.32	5.27	38460.00	849.36	2.680366e+05	1.401517e+01	6.394379e+00	214.56	6.630946e-08	4477	4.136e-02
265kHz_100dA_100Mss_NE5X056.txt	04/07/2024 17:51:07	-5.9	204.90	5.36	38460.00	853.33	2.680366e+05	1.409507e+01	6.396274e+00	219.44	6.744877e-08	4477	4.161e-02
265kHz_100dA_100Mss_NE5X057.txt	04/07/2024 17:51:08	-5.6	212.93	5.49	38460.00	866.20	2.679768e+05	1.430406e+01	6.397184e+00	224.43	6.799602e-08	4478	4.236e-02
265kHz_100dA_100Mss_NE5X058.txt	04/07/2024 17:51:09	-5.4	224.64	5.73	38460.00	865.81	2.680366e+05	1.437110e+01	6.406970e+00	244.80	7.389086e-08	4477	4.300e-02
265kHz_100dA_100Mss_NE5X059.txt	04/07/2024 17:51:09	-5.4	231.51	5.82	38460.00	868.99	2.680366e+05	1.446511e+01	6.409760e+00	251.93	7.557405e-08	4477	4.386e-02
265kHz_100dA_100Mss_NE5X060.txt	04/07/2024 17:51:10	-5.2	232.56	5.84	38460.00	872.30	2.680366e+05	1.449218e+01	6.407223e+00	247.36	7.404313e-08	4477	4.385e-02
265kHz_100dA_100Mss_NE5X061.txt	04/07/2024 17:51:10	-5.2	233.97	5.80	38460.00	884.61	2.679768e+05	1.466517e+01	6.403195e+00	242.17	7.161517e-08	4478	4.451e-02
265kHz_100dA_100Mss_NE5X062.txt	04/07/2024 17:51:11	-5.1	237.01	5.85	38460.00	892.09	2.680366e+05	1.476966e+01	6.402583e+00	242.72	7.124638e-08	4477	4.497e-02
265kHz_100dA_100Mss_NE5X063.txt	04/07/2024 17:51:11	-5.1	250.98	6.14	38460.00	882.86	2.680366e+05	1.474576e+01	6.416208e+00	269.82	7.946756e-08	4477	4.534e-02
265kHz_100dA_100Mss_NE5X064.txt	04/07/2024 17:51:12	-4.9	253.22	6.14	38460.00	891.89	2.680366e+05	1.487473e+01	6.414257e+00	268.21	7.828830e-08	4477	4.565e-02
265kHz_100dA_100Mss_NE5X065.txt	04/07/2024 17:51:12	-4.9	256.46	6.13	38460.00	900.81	2.680366e+05	1.503370e+01	6.413518e+00	269.56	7.784207e-08	4477	4.622e-02
265kHz_100dA_100Mss_NE5X066.txt	04/07/2024 17:51:13	-4.8	263.27	6.29	38460.00	897.49	2.680366e+05	1.501991e+01	6.419382e+00	281.36	8.138698e-08	4477	4.662e-02
265kHz_100dA_100Mss_NE5X067.txt	04/07/2024 17:51:13	-4.8	264.21	6.33	38460.00	895.36	2.680366e+05	1.497421e+01	6.418682e+00	279.07	8.096439e-08	4477	4.656e-02
265kHz_100dA_100Mss_NE5X068.txt	04/07/2024 17:51:14	-4.6	266.30	6.35	38460.00	899.10	2.680366e+05	1.503871e+01	6.418719e+00	280.35	8.098705e-08	4477	4.684e-02
265kHz_100dA_100Mss_NE5X069.txt	04/07/2024 17:51:14	-4.6	264.67	6.31	38460.00	904.60	2.679768e+05	1.509438e+01	6.414965e+00	273.57	7.871766e-08	4478	4.667e-02
265kHz_100dA_100Mss_NE5X070.txt	04/07/2024 17:51:15	-4.5	272.26	6.43	38460.00	900.67	2.679768e+05	1.510089e+01	6.421516e+00	287.21	8.268046e-08	4478	4.731e-02
265kHz_100dA_100Mss_NE5X071.txt	04/07/2024 17:51:15	-4.5	268.02	6.36	38460.00	909.89	2.679768e+05	1.517728e+01	6.414953e+00	275.05	7.871027e-08	4478	4.736e-02
265kHz_100dA_100Mss_NE5X072.txt	04/07/2024 17:51:16	-4.3	273.51	6.45	38460.00	908.14	2.679768e+05	1.518827e+01	6.419632e+00	284.96	8.153991e-08	4478	4.736e-02
265kHz_100dA_100Mss_NE5X073.txt	04/07/2024 17:51:16	-4.3	276.82	6.51	38460.00	906.12	2.680366e+05	1.518168e+01	6.421788e+00	289.38	8.284539e-08	4477	4.777e-02
265kHz_100dA_100Mss_NE5X074.txt	04/07/2024 17:51:17	-4.2	277.35	6.53	38460.00	909.71	2.680366e+05	1.521931e+01	6.421073e+00	288.61	8.241245e-08	4477	4.783e-02
265kHz_100dA_100Mss_NE5X075.txt	04/07/2024 17:51:17	-4.2	275.74	6.47	38460.00	911.98	2.680366e+05	1.524098e+01	6.417408e+00	281.38	8.019500e-08	4477	4.777e-02
265kHz_100dA_100Mss_NE5X076.txt	04/07/2024 17:51:18	-4.0	278.85	6.45	38460.00	921.07	2.679768e+05	1.539129e+01	6.416720e+00	282.65	7.977958e-08	4478	4.836e-02
265kHz_100dA_100Mss_NE5X077.txt	04/07/2024 17:51:19	-3.7	283.00	6.54	38460.00	918.89	2.680366e+05	1.538496e+01	6.420523e+00	290.59	8.207965e-08	4477	4.866e-02
265kHz_100dA_100Mss_NE5X078.txt	04/07/2024 17:51:19	-3.7	288.47	6.61	38460.00	921.70	2.680366e+05	1.546861e+01	6.424120e+00	299.78	8.425782e-08	4477	4.902e-02
265kHz_100dA_100Mss_NE5X079.txt	04/07/2024 17:51:20	-3.4	287.07	6.58	38460.00	926.08	2.680366e+05	1.551249e+01	6.421060e+00	294.14	8.240455e-08	4477	4.915e-02
265kHz_100dA_100Mss_NE5X080.txt	04/07/2024 17:51:21	-3.2	287.86	6.60	38460.00	923.26	2.680366e+05	1.546028e+01	6.421087e+00	293.21	8.242098e-08	4477	4.917e-02
265kHz_100dA_100Mss_NE5X081.txt	04/07/2024 17:51:21	-3.2	288.70	6.56	38460.00	929.72	2.679768e+05	1.556669e+01	6.418799e+00	290.29	8.103683e-08	4478	4.952e-02
265kHz_100dA_100Mss_NE5X082.txt	04/07/2024 17:51:22	-2.9	296.37	6.70	38460.00	925.90	2.680366e+05	1.555902e+01	6.425146e+00	303.71	8.487829e-08	4477	4.999e-02
265kHz_100dA_100Mss_NE5X083.txt	04/07/2024 17:51:22	-2.9	297.29	6.69	38460.00	927.60	2.680366e+05	1.558119e+01	6.424093e+00	301.90	8.424050e-08	4477	5.025e-02
265kHz_100dA_100Mss_NE5X084.txt	04/07/2024 17:51:23	-2.7	302.33	6.77	38460.00	928.44	2.680366e+05	1.562459e+01	6.427716e+00	310.47	8.643716e-08	4477	5.048e-02
265kHz_100dA_100Mss_NE5X085.txt	04/07/2024 17:51:23	-2.7	302.26	6.78	38460.00	931.40	2.680366e+05	1.564991e+01	6.426126e+00	307.58	8.547293e-08	4477	5.036e-02
265kHz_100dA_100Mss_NE5X086.txt	04/07/2024 17:51:24	-2.5	305.41	6.75	38460.00	940.15	2.680366e+05	1.579454e+01	6.424643e+00	307.22	8.457401e-08	4477	5.138e-02
265kHz_100dA_100Mss_NE5X087.txt	04/07/2024 17:51:24	-2.5	311.24	6.85	38460.00	937.01	2.680366e+05	1.578330e+01	6.429016e+00	316.43	8.722561e-08	4477	5.158e-02
265kHz_100dA_100Mss_NE5X088.txt	04/07/2024 17:51:25	-2.3	315.41	6.86	38460.00	943.35	2.679768e+05	1.591098e+01	6.429738e+00	320.48	8.766420e-08	4478	5.252e-02
265kHz_100dA_100Mss_NE5X089.txt	04/07/2024 17:51:25	-2.3	321.46	6.87	38460.00	950.00	2.680366e+05	1.605644e+01	6.431054e+00	326.37	8.846355e-08	4477	5.311e-02
265kHz_100dA_100Mss_NE5X090.txt	04/07/2024 17:51:26	-2.1	319.15	6.81	38460.00	957.36	2.680366e+05	1.612115e+01	6.425765e+00	316.04	8.525484e-08	4477	5.331e-02
265kHz_100dA_100Mss_NE5X091.txt	04/07/2024 17:51:26	-2.1	326.50	6.90	38460.00	955.70	2.679768e+05	1.615571e+01	6.430583e+00	327.27	8.817750e-08	4478	5.403e-02
265kHz_100dA_100Mss_NE5X092.txt	04/07/2024 17:51:27	-2.1	328.88	6.90	38460.00	958.97	2.679768e+05	1.620108e+01	6.429699e+00	326.24	8.764061e-08	4478	5.423e-02
265kHz_100dA_100Mss_NE5X093.txt	04/07/2024 17:51:27	-2.1	333.30	6.93	38460.00	960.06	2.679768e+05	1.624839e+01	6.430840e+00	329.72	8.833320e-08	4478	5.490e-02
265kHz_100dA_100Mss_NE5X094.txt	04/07/2024 17:51:28	-2.0	336.01	6.95	38460.00	966.19	2.679768e+05	1.633878e+01	6.430501e+00	330.80	8.812694e-08	4478	5.516e-02
265kHz_100dA_100Mss_NE5X095.txt	04/07/2024 17:51:29	-1.8	346.33	7.04	38460.00	972.63	2.679768e+05	1.648768e+01	6.433777e+00	341.18	9.011643e-08	4478	5.676e-02
265kHz_100dA_100Mss_NE5X096.txt	04/07/2024 17:51:29	-1.8	352.73	7.06	38460.00	980.29	2.680366e+05	1.664419e+01	6.434764e+00	346.74	9.071588e-08	4477	5.763e-02
265kHz_100dA_100Mss_NE5X097.txt	04/07/2024 17:51:30	-1.7	354.03	7.07	38460.00	983.67	2.679768e+05	1.668479e+01	6.433446e+00	344.51	8.991449e-08	4478	5.803e-02
265kHz_100dA_100Mss_NE5X098.txt	04/07/2024 17:51:30	-1.7	360.94	7.17	38460.00	984.82	2.680366e+05	1.672953e+01	6.437101e+00	353.85	9.213567e-08	4477	5.872e-02
265kHz_100dA_100Mss_NE5X099.txt	04/07/2024 17:51:31	-1.6	360.23	7.11	38460.00	993.32	2.679768e+05	1.683566e+01	6.432665e+00	345.83	8.943970e-08	4478	5.887e-02
265kHz_100dA_100Mss_NE5X100.txt	04/07/2024 17:51:31	-1.6	369.06	7.22	38460.00	989.45	2.679768e+05	1.684922e+01	6.438590e+00	359.72	9.304167e-08	4478	5.987e-02
265kHz_100dA_100Mss_NE5X101.txt	04/07/2024 17:51:32	-1.5	374.79	7.26	38460.00	995.60	2.680366e+05	1.696618e+01	6.440425e+00	366.54	9.415818e-08	4477	6.023e-02
265kHz_100dA_100Mss_NE5X102.txt	04/07/2024 17:51:32	-1.5	375.91	7.21	38460.00	1005.19	2.680366e+05	1.708977e+01	6.436645e+00	360.40	9.185862e-08	4477	6.101e-02
265kHz_100dA_100Mss_NE5X103.txt	04/07/2024 17:51:33	-1.5	378.11	7.25	38460.00	1007.04	2.679768e+05	1.712012e+01	6.436578e+00	360.81	9.181767e-08	4478	6.137e-02
265kHz_100dA_100Mss_NE5X104.txt	04/07/2024 17:51:33	-1.5	387.94	7.43	38460.00	1002.96	2.679768e+05	1.711807e+01	6.444950e+00	380.29	9.691502e-08	4478	6.137e-02
265kHz_100dA_100Mss_NE5X105.txt	04/07/2024 17:51:34	-1.4	385.88	7.28	38460.00	1020.36	2.680366e+05	1.733919e+01	6.436482e+00	365.28	9.175952e-08	4477	6.229e-02
265kHz_100dA_100Mss_NE5X106.txt	04/07/2024 17:51:34	-1.4	391.18	7.36	38460.00	1017.98	2.680366e+05	1.732857e+01	6.439315e+00	371.75	9.348237e-08	4477	6.256e-02
265kHz_100dA_100Mss_NE5X107.txt	04/07/2024 17:51:35	-1.3	395.37	7.48	38460.00	1016.71	2.680366e+05	1.732226e+01	6.443090e+00	380.52	9.578053e-08	4477	6.219e-02
265kHz_100dA_100Mss_NE5X108.txt	04/07/2024 17:51:35	-1.3	402.67	7.59	38460.00	1012.26	2.679768e+05	1.731624e+01	6.448981e+00	394.19	9.937342e-08	4478	6.252e-02
265kHz_100dA_100Mss_NE5X109.txt	04/07/2024 17:51:36	-1.3	402.20	7.50	38460.00	1021.10	2.679768e+05	1.742684e+01	6.443827e+00	384.48	9.623069e-08	4478	6.327e-02
265kHz_100dA_100Mss_NE5X110.txt	04/07/2024 17:51:36	-1.3	408.53	7.59	38460.00	1022.24	2.680366e+05	1.748225e+01	6.447866e+00	395.40	9.869416e-08	4477	6.397e-02
265kHz_100dA_100Mss_NE5X111.txt	04/07/2024 17:51:37	-1.2	407.01	7.61	38460.00	1024.26	2.679768e+05	1.747369e+01	6.446318e+00	391.44	9.774971e-08	4478	6.329e-02
265kHz_100dA_100Mss_NE5X112.txt	04/07/2024 17:51:37	-1.2	410.74	7.66	38460.00	1024.69	2.680366e+05	1.749826e+01	6.448285e+00	396.76	9.894966e-08	4477	6.351e-02
265kHz_100dA_100Mss_NE5X113.txt	04/07/2024 17:51:38	-1.1	414.82	7.69	38460.00	1026.73	2.680366e+05	1.755741e+01	6.449940e+00	402.06	9.996054e-08	4477	6.395e-02
265kHz_100dA_100Mss_NE5X114.txt	04/07/2024 17:51:39	-1.1	415.91	7.71	38460.00	1028.11	2.679768e+05	1.757261e+01	6.449543e+00	401.37	9.971817e-08	4478	6.389e-02
265kHz_100dA_100Mss_NE5X115.txt	04/07/2024 17:51:39	-1.1	418.82	7.75	38460.00	1028.93	2.679768e+05	1.759789e+01	6.451208e+00	405.93	1.007362e-07	4478	6.403e-02
265kHz_100dA_100Mss_NE5X116.txt	04/07/2024 17:51:40	-1.1	420.19	7.74	38460.00	1030.67	2.679768e+05	1.763497e+01	6.450752e+00	405.69	1.004585e-07	4478	6.457e-02
265kHz_100dA_100Mss_NE5X117.txt	04/07/2024 17:51:40	-1.1	417.48	7.73	38460.00	1030.65	2.679768e+05	1.759993e+01	6.448828e+00	400.28	9.928298e-08	4478	6.393e-02
265kHz_100dA_100Mss_NE5X118.txt	04/07/2024 17:51:41	-1.0	422.61	7.80	38460.00	1026.18	2.679768e+05	1.758454e+01	6.453732e+00	411.66	1.022798e-07	4478	6.441e-02
265kHz_100dA_100Mss_NE5X119.txt	04/07/2024 17:51:41	-1.0	424.35	7.85	38460.00	1030.83	2.679768e+05	1.765562e+01	6.455258e+00	416.98	1.032118e-07	4478	6.411e-02
265kHz_100dA_100Mss_NE5X120.txt	04/07/2024 17:51:42	-1.0	421.19	7.80	38460.00	1033.43	2.680366e+05	1.765634e+01	6.451521e+00	408.12	1.009270e-07	4477	6.401e-02
265kHz_100dA_100Mss_NE5X121.txt	04/07/2024 17:51:42	-1.0	424.20	7.89	38460.00	1025.03	2.680366e+05	1.755299e+01	6.456537e+00	417.70	1.039950e-07	4477	6.336e-02
265kHz_100dA_100Mss_NE5X122.txt	04/07/2024 17:51:43	-1.0	423.06	7.86	38460.00	1028.99	2.680366e+05	1.759807e+01	6.454684e+00	414.34	1.028607e-07	4477	6.351e-02
265kHz_100dA_100Mss_NE5X123.txt	04/07/2024 17:51:43	-1.0	422.21	7.86	38460.00	1032.92	2.680366e+05	1.763894e+01	6.453770e+00	413.11	1.023015e-07	4477	6.338e-02
265kHz_100dA_100Mss_NE5X124.txt	04/07/2024 17:51:44	-1.0	426.28	7.91	38460.00	1026.03	2.680366e+05	1.758685e+01	6.458347e+00	422.83	1.051028e-07	4477	6.319e-02
265kHz_100dA_100Mss_NE5X125.txt	04/07/2024 17:51:45	-1.0	425.27	7.92	38460.00	1028.31	2.680366e+05	1.760689e+01	6.457800e+00	422.01	1.047682e-07	4477	6.289e-02
265kHz_100dA_100Mss_NE5X126.txt	04/07/2024 17:51:45	-1.0	423.21	7.83	38460.00	1032.93	2.680366e+05	1.765789e+01	6.454149e+00	414.47	1.025339e-07	4477	6.324e-02
265kHz_100dA_100Mss_NE5X127.txt	04/07/2024 17:51:46	-0.9	422.71	7.85	38460.00	1035.70	2.680366e+05	1.768674e+01	6.454730e+00	416.54	1.028888e-07	4477	6.286e-02
265kHz_100dA_100Mss_NE5X128.txt	04/07/2024 17:51:46	-0.9	428.71	7.94	38460.00	1027.78	2.679768e+05	1.764642e+01	6.461507e+00	431.74	1.070392e-07	4478	6.286e-02
265kHz_100dA_100Mss_NE5X129.txt	04/07/2024 17:51:47	-0.9	419.35	7.80	38460.00	1035.69	2.679768e+05	1.767166e+01	6.452206e+00	410.03	1.013446e-07	4478	6.228e-02
265kHz_100dA_100Mss_NE5X130.txt	04/07/2024 17:51:47	-0.9	422.73	7.87	38460.00	1030.44	2.679768e+05	1.762533e+01	6.456657e+00	419.62	1.040673e-07	4478	6.244e-02
265kHz_100dA_100Mss_NE5X131.txt	04/07/2024 17:51:48	-0.9	424.31	7.87	38460.00	1028.20	2.679768e+05	1.761965e+01	6.458152e+00	423.06	1.049843e-07	4478	6.251e-02
265kHz_100dA_100Mss_NE5X132.txt	04/07/2024 17:51:48	-0.9	421.98	7.87	38460.00	1031.29	2.680366e+05	1.762499e+01	6.457504e+00	421.73	1.045868e-07	4477	6.190e-02
265kHz_100dA_100Mss_NE5X133.txt	04/07/2024 17:51:49	-0.9	420.76	7.84	38460.00	1030.83	2.680366e+05	1.761631e+01	6.456559e+00	419.26	1.040073e-07	4477	6.193e-02
265kHz_100dA_100Mss_NE5X134.txt	04/07/2024 17:51:50	-0.9	422.93	7.84	38460.00	1035.19	2.680366e+05	1.771178e+01	6.457906e+00	424.78	1.048324e-07	4477	6.206e-02
265kHz_100dA_100Mss_NE5X135.txt	04/07/2024 17:51:50	-0.9	419.32	7.82	38460.00	1038.39	2.680366e+05	1.771632e+01	6.455943e+00	420.16	1.036304e-07	4477	6.150e-02
265kHz_100dA_100Mss_NE5X136.txt	04/07/2024 17:51:51	-0.8	420.24	7.84	38460.00	1031.32	2.680366e+05	1.762485e+01	6.457715e+00	422.23	1.047151e-07	4477	6.156e-02
265kHz_100dA_100Mss_NE5X137.txt	04/07/2024 17:51:51	-0.8	414.27	7.71	38460.00	1038.41	2.680366e+05	1.768172e+01	6.450737e+00	406.82	1.004473e-07	4477	6.166e-02
265kHz_100dA_100Mss_NE5X138.txt	04/07/2024 17:51:52	-0.8	418.03	7.81	38460.00	1030.65	2.680366e+05	1.760545e+01	6.456421e+00	418.67	1.039225e-07	4477	6.138e-02
265kHz_100dA_100Mss_NE5X139.txt	04/07/2024 17:51:52	-0.8	412.73	7.71	38460.00	1037.99	2.680366e+05	1.765741e+01	6.451202e+00	407.38	1.007314e-07	4477	6.121e-02
265kHz_100dA_100Mss_NE5X140.txt	04/07/2024 17:51:53	-0.8	414.48	7.68	38460.00	1040.88	2.680366e+05	1.772431e+01	6.451653e+00	410.01	1.010079e-07	4477	6.128e-02
265kHz_100dA_100Mss_NE5X141.txt	04/07/2024 17:51:53	-0.8	417.52	7.77	38460.00	1033.21	2.679768e+05	1.765317e+01	6.456747e+00	420.49	1.041224e-07	4478	6.101e-02
265kHz_100dA_100Mss_NE5X142.txt	04/07/2024 17:51:54	-0.8	419.46	7.76	38460.00	1032.50	2.679768e+05	1.767898e+01	6.458098e+00	424.35	1.049506e-07	4478	6.123e-02
265kHz_100dA_100Mss_NE5X143.txt	04/07/2024 17:51:54	-0.8	414.44	7.71	38460.00	1032.38	2.680366e+05	1.761845e+01	6.454550e+00	414.50	1.027791e-07	4477	6.084e-02
265kHz_100dA_100Mss_NE5X144.txt	04/07/2024 17:51:55	-0.8	411.85	7.71	38460.00	1031.12	2.680366e+05	1.757281e+01	6.453946e+00	411.99	1.024084e-07	4477	6.064e-02
265kHz_100dA_100Mss_NE5X145.txt	04/07/2024 17:51:55	-0.8	415.42	7.76	38460.00	1031.36	2.680366e+05	1.761470e+01	6.457263e+00	420.91	1.044381e-07	4477	6.082e-02
265kHz_100dA_100Mss_NE5X146.txt	04/07/2024 17:51:56	-0.7	415.49	7.74	38460.00	1028.21	2.680366e+05	1.758476e+01	6.457992e+00	421.93	1.048847e-07	4477	6.069e-02
265kHz_100dA_100Mss_NE5X147.txt	04/07/2024 17:51:56	-0.7	412.93	7.69	38460.00	1027.41	2.680366e+05	1.754811e+01	6.455285e+00	414.60	1.032282e-07	4477	6.060e-02
265kHz_100dA_100Mss_NE5X148.txt	04/07/2024 17:51:57	-0.8	410.09	7.66	38460.00	1030.84	2.680366e+05	1.756498e+01	6.453376e+00	410.44	1.020601e-07	4477	6.039e-02
265kHz_100dA_100Mss_NE5X149.txt	04/07/2024 17:51:57	-0.8	416.86	7.75	38460.00	1030.40	2.680366e+05	1.762783e+01	6.459917e+00	427.58	1.060642e-07	4477	6.085e-02
265kHz_100dA_100Mss_NE5X150.txt	04/07/2024 17:51:58	-0.8	412.97	7.70	38460.00	1027.71	2.680366e+05	1.756973e+01	6.457267e+00	419.84	1.044404e-07	4477	6.031e-02
265kHz_100dA_100Mss_NE5X151.txt	04/07/2024 17:51:59	-0.8	414.93	7.75	38460.00	1023.72	2.680366e+05	1.752593e+01	6.460483e+00	426.45	1.064105e-07	4477	6.025e-02
265kHz_100dA_100Mss_NE5X152.txt	04/07/2024 17:52:00	-0.7	411.69	7.67	38460.00	1026.01	2.680366e+05	1.753965e+01	6.457306e+00	419.22	1.044642e-07	4477	6.017e-02
265kHz_100dA_100Mss_NE5X153.txt	04/07/2024 17:52:00	-0.7	405.98	7.61	38460.00	1025.65	2.680366e+05	1.748149e+01	6.453388e+00	408.52	1.020670e-07	4477	5.985e-02
265kHz_100dA_100Mss_NE5X154.txt	04/07/2024 17:52:01	-0.8	408.64	7.64	38460.00	1022.39	2.679768e+05	1.748255e+01	6.456443e+00	415.71	1.039358e-07	4478	6.011e-02
265kHz_100dA_100Mss_NE5X155.txt	04/07/2024 17:52:01	-0.8	408.57	7.61	38460.00	1024.46	2.680366e+05	1.750718e+01	6.455821e+00	414.91	1.035562e-07	4477	5.997e-02
265kHz_100dA_100Mss_NE5X156.txt	04/07/2024 17:52:02	-0.7	408.05	7.60	38460.00	1021.87	2.680366e+05	1.747190e+01	6.455819e+00	414.07	1.035537e-07	4477	5.999e-02
265kHz_100dA_100Mss_NE5X157.txt	04/07/2024 17:52:02	-0.7	408.55	7.60	38460.00	1024.12	2.680366e+05	1.751544e+01	6.456529e+00	416.79	1.039893e-07	4477	5.997e-02
265kHz_100dA_100Mss_NE5X158.txt	04/07/2024 17:52:03	-0.7	402.49	7.50	38460.00	1033.23	2.679768e+05	1.758642e+01	6.450310e+00	403.52	1.001862e-07	4478	5.983e-02
265kHz_100dA_100Mss_NE5X159.txt	04/07/2024 17:52:03	-0.7	410.62	7.66	38460.00	1022.80	2.680366e+05	1.747659e+01	6.460434e+00	425.14	1.063819e-07	4477	5.968e-02
265kHz_100dA_100Mss_NE5X160.txt	04/07/2024 17:52:04	-0.7	404.50	7.55	38460.00	1023.28	2.680366e+05	1.746875e+01	6.454451e+00	410.74	1.027172e-07	4477	5.967e-02
265kHz_100dA_100Mss_NE5X161.txt	04/07/2024 17:52:04	-0.7	404.53	7.51	38460.00	1026.98	2.680366e+05	1.752363e+01	6.453338e+00	409.38	1.020385e-07	4477	5.995e-02
265kHz_100dA_100Mss_NE5X162.txt	04/07/2024 17:52:05	-0.7	400.76	7.51	38460.00	1021.30	2.680366e+05	1.740912e+01	6.452274e+00	404.19	1.013867e-07	4477	5.918e-02
265kHz_100dA_100Mss_NE5X163.txt	04/07/2024 17:52:05	-0.7	408.07	7.63	38460.00	1017.97	2.679768e+05	1.737865e+01	6.460847e+00	423.63	1.066334e-07	4478	5.948e-02
265kHz_100dA_100Mss_NE5X164.txt	04/07/2024 17:52:06	-0.6	399.07	7.48	38460.00	1020.03	2.680366e+05	1.737742e+01	6.451650e+00	401.98	1.010051e-07	4477	5.909e-02
265kHz_100dA_100Mss_NE5X165.txt	04/07/2024 17:52:06	-0.6	394.59	7.41	38460.00	1024.88	2.680366e+05	1.741424e+01	6.447872e+00	393.88	9.869749e-08	4477	5.898e-02
265kHz_100dA_100Mss_NE5X166.txt	04/07/2024 17:52:07	-0.6	397.21	7.45	38460.00	1019.29	2.680366e+05	1.736279e+01	6.450627e+00	399.22	1.003803e-07	4477	5.908e-02
265kHz_100dA_100Mss_NE5X167.txt	04/07/2024 17:52:07	-0.6	399.86	7.48	38460.00	1015.80	2.680366e+05	1.734967e+01	6.454037e+00	406.97	1.024654e-07	4477	5.908e-02
265kHz_100dA_100Mss_NE5X168.txt	04/07/2024 17:52:08	-0.6	395.59	7.42	38460.00	1022.46	2.680366e+05	1.740045e+01	6.449871e+00	398.30	9.991841e-08	4477	5.897e-02
265kHz_100dA_100Mss_NE5X169.txt	04/07/2024 17:52:08	-0.6	392.14	7.34	38460.00	1023.02	2.680366e+05	1.738503e+01	6.446171e+00	389.19	9.766050e-08	4477	5.916e-02
265kHz_100dA_100Mss_NE5X170.txt	04/07/2024 17:52:09	-0.4	390.67	7.30	38460.00	1026.09	2.680366e+05	1.741720e+01	6.444641e+00	386.29	9.672631e-08	4477	5.915e-02
265kHz_100dA_100Mss_NE5X171.txt	04/07/2024 17:52:10	-0.2	393.54	7.36	38460.00	1018.44	2.679768e+05	1.735254e+01	6.449428e+00	396.07	9.964705e-08	4478	5.909e-02
265kHz_100dA_100Mss_NE5X172.txt	04/07/2024 17:52:10	-0.2	392.28	7.36	38460.00	1016.71	2.680366e+05	1.731176e+01	6.449155e+00	394.58	9.948104e-08	4477	5.881e-02
265kHz_100dA_100Mss_NE5X173.txt	04/07/2024 17:52:11	0.5	396.84	7.44	38460.00	1009.69	2.680366e+05	1.726425e+01	6.454906e+00	407.00	1.029960e-07	4477	5.866e-02
265kHz_100dA_100Mss_NE5X174.txt	04/07/2024 17:52:11	0.5	386.86	7.29	38460.00	1020.73	2.680366e+05	1.731471e+01	6.444983e+00	384.82	9.693482e-08	4477	5.856e-02
265kHz_100dA_100Mss_NE5X175.txt	04/07/2024 17:52:12	0.9	392.71	7.37	38460.00	1011.17	2.680366e+05	1.724499e+01	6.451231e+00	397.93	1.007485e-07	4477	5.874e-02
265kHz_100dA_100Mss_NE5X176.txt	04/07/2024 17:52:12	0.9	394.60	7.41	38460.00	1008.30	2.680366e+05	1.723228e+01	6.454223e+00	404.65	1.025771e-07	4477	5.856e-02
265kHz_100dA_100Mss_NE5X177.txt	04/07/2024 17:52:13	1.1	394.64	7.40	38460.00	1008.79	2.680366e+05	1.724702e+01	6.454854e+00	406.47	1.029634e-07	4477	5.857e-02
265kHz_100dA_100Mss_NE5X178.txt	04/07/2024 17:52:13	1.1	385.39	7.24	38460.00	1017.68	2.680366e+05	1.729012e+01	6.445207e+00	384.80	9.707210e-08	4477	5.859e-02
265kHz_100dA_100Mss_NE5X179.txt	04/07/2024 17:52:14	1.6	384.00	7.20	38460.00	1013.98	2.679768e+05	1.723989e+01	6.443901e+00	380.53	9.627672e-08	4478	5.868e-02
265kHz_100dA_100Mss_NE5X180.txt	04/07/2024 17:52:14	1.6	385.59	7.26	38460.00	1011.51	2.679768e+05	1.722043e+01	6.447210e+00	387.86	9.829332e-08	4478	5.839e-02
265kHz_100dA_100Mss_NE5X181.txt	04/07/2024 17:52:15	2.1	388.43	7.28	38460.00	1008.56	2.680366e+05	1.720444e+01	6.449967e+00	394.04	9.997693e-08	4477	5.859e-02
265kHz_100dA_100Mss_NE5X182.txt	04/07/2024 17:52:15	2.1	382.54	7.23	38460.00	1004.99	2.680366e+05	1.709981e+01	6.446365e+00	383.26	9.777752e-08	4477	5.809e-02
265kHz_100dA_100Mss_NE5X183.txt	04/07/2024 17:52:16	2.6	381.66	7.21	38460.00	1003.36	2.680366e+05	1.707549e+01	6.445824e+00	381.46	9.744812e-08	4477	5.809e-02
265kHz_100dA_100Mss_NE5X184.txt	04/07/2024 17:52:16	2.6	386.28	7.29	38460.00	1004.13	2.680366e+05	1.713487e+01	6.451027e+00	394.91	1.006234e-07	4477	5.811e-02
265kHz_100dA_100Mss_NE5X185.txt	04/07/2024 17:52:17	3.8	386.08	7.33	38460.00	994.93	2.680366e+05	1.699642e+01	6.453195e+00	396.74	1.019479e-07	4477	5.769e-02
265kHz_100dA_100Mss_NE5X186.txt	04/07/2024 17:52:17	3.8	382.33	7.23	38460.00	1000.62	2.679768e+05	1.706449e+01	6.448871e+00	388.20	9.930689e-08	4478	5.796e-02
265kHz_100dA_100Mss_NE5X187.txt	04/07/2024 17:52:18	4.6	388.20	7.36	38460.00	992.95	2.680366e+05	1.693323e+01	6.456531e+00	402.94	1.039896e-07	4477	5.775e-02
265kHz_100dA_100Mss_NE5X188.txt	04/07/2024 17:52:18	4.6	379.99	7.27	38460.00	990.54	2.680366e+05	1.689004e+01	6.450402e+00	387.84	1.002409e-07	4477	5.724e-02
265kHz_100dA_100Mss_NE5X189.txt	04/07/2024 17:52:19	6.6	380.52	7.28	38460.00	986.86	2.680366e+05	1.685447e+01	6.451589e+00	389.74	1.009666e-07	4477	5.718e-02
265kHz_100dA_100Mss_NE5X190.txt	04/07/2024 17:52:20	7.5	376.31	7.22	38460.00	985.11	2.680366e+05	1.679591e+01	6.449089e+00	382.67	9.943919e-08	4477	5.688e-02
265kHz_100dA_100Mss_NE5X191.txt	04/07/2024 17:52:20	7.5	372.41	7.17	38460.00	985.75	2.680366e+05	1.676991e+01	6.446029e+00	375.10	9.757171e-08	4477	5.680e-02
265kHz_100dA_100Mss_NE5X192.txt	04/07/2024 17:52:21	9.4	381.44	7.31	38460.00	981.99	2.680366e+05	1.673112e+01	6.456034e+00	397.00	1.036838e-07	4477	5.692e-02
265kHz_100dA_100Mss_NE5X193.txt	04/07/2024 17:52:21	9.4	372.33	7.15	38460.00	983.64	2.680366e+05	1.675502e+01	6.446611e+00	376.09	9.792712e-08	4477	5.691e-02
265kHz_100dA_100Mss_NE5X194.txt	04/07/2024 17:52:22	9.4	374.86	7.21	38460.00	979.02	2.680366e+05	1.672826e+01	6.450497e+00	384.34	1.002982e-07	4477	5.673e-02
265kHz_100dA_100Mss_NE5X195.txt	04/07/2024 17:52:22	9.4	374.86	7.15	38460.00	980.99	2.679768e+05	1.677303e+01	6.449265e+00	382.47	9.954701e-08	4478	5.708e-02
265kHz_100dA_100Mss_NE5X196.txt	04/07/2024 17:52:23	10.1	367.53	7.08	38460.00	981.50	2.679768e+05	1.670079e+01	6.443552e+00	367.84	9.606088e-08	4478	5.654e-02
265kHz_100dA_100Mss_NE5X197.txt	04/07/2024 17:52:23	10.1	370.33	7.11	38460.00	981.43	2.680366e+05	1.672597e+01	6.446152e+00	374.40	9.764646e-08	4477	5.685e-02
265kHz_100dA_100Mss_NE5X198.txt	04/07/2024 17:52:24	11.3	367.82	7.07	38460.00	982.16	2.680366e+05	1.671571e+01	6.444034e+00	369.35	9.635499e-08	4477	5.660e-02
265kHz_100dA_100Mss_NE5X199.txt	04/07/2024 17:52:24	11.3	368.81	7.12	38460.00	975.29	2.680366e+05	1.664021e+01	6.446706e+00	373.73	9.798400e-08	4477	5.653e-02
265kHz_100dA_100Mss_NE5X200.txt	04/07/2024 17:52:25	12.6	370.18	7.14	38460.00	973.76	2.680366e+05	1.662496e+01	6.448661e+00	377.81	9.917708e-08	4477	5.648e-02
265kHz_100dA_100Mss_NE5X201.txt	04/07/2024 17:52:25	12.6	363.14	6.99	38460.00	981.18	2.680366e+05	1.666828e+01	6.440610e+00	360.52	9.426968e-08	4477	5.646e-02
265kHz_100dA_100Mss_NE5X202.txt	04/07/2024 17:52:26	13.0	366.83	7.06	38460.00	975.44	2.680366e+05	1.663029e+01	6.445251e+00	370.21	9.709781e-08	4477	5.650e-02
265kHz_100dA_100Mss_NE5X203.txt	04/07/2024 17:52:26	13.0	368.29	7.10	38460.00	973.26	2.680366e+05	1.660877e+01	6.447546e+00	374.92	9.849725e-08	4477	5.640e-02
265kHz_100dA_100Mss_NE5X204.txt	04/07/2024 17:52:27	13.6	361.61	7.00	38460.00	975.77	2.680366e+05	1.657533e+01	6.441149e+00	359.73	9.459779e-08	4477	5.616e-02
265kHz_100dA_100Mss_NE5X205.txt	04/07/2024 17:52:27	13.6	361.24	6.99	38460.00	976.42	2.680366e+05	1.658945e+01	6.441194e+00	360.14	9.462486e-08	4477	5.624e-02
265kHz_100dA_100Mss_NE5X206.txt	04/07/2024 17:52:28	14.9	359.07	6.97	38460.00	973.08	2.680366e+05	1.653077e+01	6.440090e+00	356.38	9.395316e-08	4477	5.600e-02
265kHz_100dA_100Mss_NE5X207.txt	04/07/2024 17:52:28	14.9	363.83	7.02	38460.00	970.06	2.679768e+05	1.654376e+01	6.444853e+00	367.31	9.685547e-08	4478	5.626e-02
265kHz_100dA_100Mss_NE5X208.txt	04/07/2024 17:52:29	16.0	364.59	7.04	38460.00	971.53	2.680366e+05	1.657007e+01	6.445829e+00	370.18	9.744994e-08	4477	5.620e-02
265kHz_100dA_100Mss_NE5X209.txt	04/07/2024 17:52:30	17.6	358.65	6.94	38460.00	973.29	2.680366e+05	1.654993e+01	6.440578e+00	357.89	9.425090e-08	4477	5.607e-02
265kHz_100dA_100Mss_NE5X210.txt	04/07/2024 17:52:30	17.6	363.13	7.06	38460.00	963.81	2.680366e+05	1.644910e+01	6.447534e+00	371.29	9.848896e-08	4477	5.571e-02
265kHz_100dA_100Mss_NE5X211.txt	04/07/2024 17:52:31	18.0	357.48	6.93	38460.00	970.47	2.680366e+05	1.650503e+01	6.441083e+00	358.05	9.455757e-08	4477	5.590e-02
265kHz_100dA_100Mss_NE5X212.txt	04/07/2024 17:52:31	18.0	354.01	6.89	38460.00	969.19	2.680366e+05	1.645286e+01	6.438137e+00	350.32	9.276416e-08	4477	5.578e-02
265kHz_100dA_100Mss_NE5X213.txt	04/07/2024 17:52:32	18.3	360.02	6.98	38460.00	963.82	2.680366e+05	1.644087e+01	6.444653e+00	364.66	9.673207e-08	4477	5.592e-02
265kHz_100dA_100Mss_NE5X214.txt	04/07/2024 17:52:32	18.3	363.27	7.00	38460.00	963.18	2.680366e+05	1.643644e+01	6.448059e+00	372.18	9.881066e-08	4477	5.609e-02
265kHz_100dA_100Mss_NE5X215.txt	04/07/2024 17:52:33	19.4	360.60	7.01	38460.00	957.60	2.680366e+05	1.636784e+01	6.447365e+00	369.08	9.838687e-08	4477	5.570e-02
265kHz_100dA_100Mss_NE5X216.txt	04/07/2024 17:52:33	19.4	351.37	6.84	38460.00	965.27	2.679768e+05	1.639871e+01	6.437480e+00	347.62	9.236520e-08	4478	5.555e-02
265kHz_100dA_100Mss_NE5X217.txt	04/07/2024 17:52:34	20.1	354.49	6.90	38460.00	962.31	2.680366e+05	1.638230e+01	6.440985e+00	355.18	9.449800e-08	4477	5.567e-02
265kHz_100dA_100Mss_NE5X218.txt	04/07/2024 17:52:34	20.1	359.30	6.92	38460.00	965.31	2.680366e+05	1.648085e+01	6.444229e+00	364.59	9.647423e-08	4477	5.612e-02
265kHz_100dA_100Mss_NE5X219.txt	04/07/2024 17:52:35	22.8	352.20	6.82	38460.00	968.35	2.680366e+05	1.645821e+01	6.437587e+00	349.20	9.242981e-08	4477	5.578e-02
265kHz_100dA_100Mss_NE5X220.txt	04/07/2024 17:52:35	22.8	351.36	6.80	38460.00	970.81	2.680366e+05	1.648106e+01	6.436054e+00	346.24	9.149791e-08	4477	5.587e-02
