# Temperatura_=_1.8737051792828687
# Concentracion g/m^3_=_19900.0
# C_Vs_to_Am_M_A/Vsm_=_254322799225.57578
# pendiente_HvsI_1/m_=_3716.3
# ordenada_HvsI_A/m_=_1297.0
# frecuencia_Hz_=_136064.18362065006
# Promedio de 502 ciclos

Tiempo_(s)	Campo_(V.s)	Magnetizacion_(V.s)	Campo_(kA/m)	Magnetizacion_(A/m)
0.000000e+00	-3.649714e-09	-3.619114e-09	-1.985069e+01	-9.224884e+02
1.000000e-08	-3.649868e-09	-3.621574e-09	-1.985153e+01	-9.230076e+02
2.000000e-08	-3.649873e-09	-3.624248e-09	-1.985155e+01	-9.234756e+02
3.000000e-08	-3.649687e-09	-3.627630e-09	-1.985054e+01	-9.238935e+02
4.000000e-08	-3.649233e-09	-3.628696e-09	-1.984807e+01	-9.242632e+02
5.000000e-08	-3.648430e-09	-3.624977e-09	-1.984370e+01	-9.245869e+02
6.000000e-08	-3.647259e-09	-3.621510e-09	-1.983733e+01	-9.248671e+02
7.000000e-08	-3.645757e-09	-3.627520e-09	-1.982917e+01	-9.251065e+02
8.000000e-08	-3.643933e-09	-3.641381e-09	-1.981925e+01	-9.253077e+02
9.000000e-08	-3.641773e-09	-3.637953e-09	-1.980750e+01	-9.254731e+02
1.000000e-07	-3.639260e-09	-3.619646e-09	-1.979383e+01	-9.256046e+02
1.100000e-07	-3.636389e-09	-3.626938e-09	-1.977821e+01	-9.257037e+02
1.200000e-07	-3.633182e-09	-3.646882e-09	-1.976077e+01	-9.257712e+02
1.300000e-07	-3.629681e-09	-3.633689e-09	-1.974173e+01	-9.258075e+02
1.400000e-07	-3.625941e-09	-3.618233e-09	-1.972139e+01	-9.258125e+02
1.500000e-07	-3.621996e-09	-3.636038e-09	-1.969993e+01	-9.257854e+02
1.600000e-07	-3.617873e-09	-3.648176e-09	-1.967751e+01	-9.257256e+02
1.700000e-07	-3.613595e-09	-3.638727e-09	-1.965424e+01	-9.256318e+02
1.800000e-07	-3.609155e-09	-3.632109e-09	-1.963009e+01	-9.255031e+02
1.900000e-07	-3.604496e-09	-3.625575e-09	-1.960475e+01	-9.253387e+02
2.000000e-07	-3.599553e-09	-3.627593e-09	-1.957786e+01	-9.251377e+02
2.100000e-07	-3.594306e-09	-3.642023e-09	-1.954932e+01	-9.248998e+02
2.200000e-07	-3.588779e-09	-3.634448e-09	-1.951926e+01	-9.246250e+02
2.300000e-07	-3.583011e-09	-3.614393e-09	-1.948789e+01	-9.243135e+02
2.400000e-07	-3.577006e-09	-3.624854e-09	-1.945523e+01	-9.239658e+02
2.500000e-07	-3.570747e-09	-3.647445e-09	-1.942119e+01	-9.235828e+02
2.600000e-07	-3.564218e-09	-3.634036e-09	-1.938568e+01	-9.231652e+02
2.700000e-07	-3.557410e-09	-3.606309e-09	-1.934865e+01	-9.227139e+02
2.800000e-07	-3.550319e-09	-3.610753e-09	-1.931008e+01	-9.222295e+02
2.900000e-07	-3.542972e-09	-3.631684e-09	-1.927012e+01	-9.217128e+02
3.000000e-07	-3.535408e-09	-3.627309e-09	-1.922898e+01	-9.211638e+02
3.100000e-07	-3.527669e-09	-3.607642e-09	-1.918689e+01	-9.205829e+02
3.200000e-07	-3.519779e-09	-3.607143e-09	-1.914398e+01	-9.199696e+02
3.300000e-07	-3.511736e-09	-3.619444e-09	-1.910023e+01	-9.193236e+02
3.400000e-07	-3.503512e-09	-3.615988e-09	-1.905550e+01	-9.186444e+02
3.500000e-07	-3.495049e-09	-3.600474e-09	-1.900947e+01	-9.179315e+02
3.600000e-07	-3.486281e-09	-3.595800e-09	-1.896178e+01	-9.171842e+02
3.700000e-07	-3.477156e-09	-3.602031e-09	-1.891215e+01	-9.164022e+02
3.800000e-07	-3.467642e-09	-3.602977e-09	-1.886040e+01	-9.155853e+02
3.900000e-07	-3.457721e-09	-3.595135e-09	-1.880644e+01	-9.147338e+02
4.000000e-07	-3.447390e-09	-3.588863e-09	-1.875025e+01	-9.138479e+02
4.100000e-07	-3.436657e-09	-3.586610e-09	-1.869188e+01	-9.129285e+02
4.200000e-07	-3.425559e-09	-3.582373e-09	-1.863152e+01	-9.119765e+02
4.300000e-07	-3.414156e-09	-3.577552e-09	-1.856950e+01	-9.109930e+02
4.400000e-07	-3.402498e-09	-3.575979e-09	-1.850609e+01	-9.099792e+02
4.500000e-07	-3.390618e-09	-3.571768e-09	-1.844147e+01	-9.089363e+02
4.600000e-07	-3.378532e-09	-3.564545e-09	-1.837574e+01	-9.078652e+02
4.700000e-07	-3.366225e-09	-3.563049e-09	-1.830880e+01	-9.067666e+02
4.800000e-07	-3.353665e-09	-3.562938e-09	-1.824048e+01	-9.056409e+02
4.900000e-07	-3.340826e-09	-3.553052e-09	-1.817065e+01	-9.044880e+02
5.000000e-07	-3.327704e-09	-3.543118e-09	-1.809929e+01	-9.033074e+02
5.100000e-07	-3.314316e-09	-3.545290e-09	-1.802647e+01	-9.020983e+02
5.200000e-07	-3.300685e-09	-3.546554e-09	-1.795233e+01	-9.008595e+02
5.300000e-07	-3.286834e-09	-3.535840e-09	-1.787699e+01	-8.995895e+02
5.400000e-07	-3.272757e-09	-3.527364e-09	-1.780043e+01	-8.982867e+02
5.500000e-07	-3.258430e-09	-3.528027e-09	-1.772251e+01	-8.969494e+02
5.600000e-07	-3.243814e-09	-3.523636e-09	-1.764301e+01	-8.955762e+02
5.700000e-07	-3.228866e-09	-3.512165e-09	-1.756171e+01	-8.941658e+02
5.800000e-07	-3.213553e-09	-3.507114e-09	-1.747842e+01	-8.927171e+02
5.900000e-07	-3.197868e-09	-3.506197e-09	-1.739311e+01	-8.912297e+02
6.000000e-07	-3.181840e-09	-3.498549e-09	-1.730594e+01	-8.897034e+02
6.100000e-07	-3.165504e-09	-3.490140e-09	-1.721708e+01	-8.881382e+02
6.200000e-07	-3.148900e-09	-3.487459e-09	-1.712678e+01	-8.865349e+02
6.300000e-07	-3.132072e-09	-3.481720e-09	-1.703525e+01	-8.848941e+02
6.400000e-07	-3.115043e-09	-3.471232e-09	-1.694263e+01	-8.832169e+02
6.500000e-07	-3.097829e-09	-3.465674e-09	-1.684900e+01	-8.815044e+02
6.600000e-07	-3.080454e-09	-3.462320e-09	-1.675450e+01	-8.797574e+02
6.700000e-07	-3.062924e-09	-3.453173e-09	-1.665916e+01	-8.779770e+02
6.800000e-07	-3.045232e-09	-3.444385e-09	-1.656293e+01	-8.761634e+02
6.900000e-07	-3.027361e-09	-3.440432e-09	-1.646573e+01	-8.743172e+02
7.000000e-07	-3.009288e-09	-3.433405e-09	-1.636743e+01	-8.724380e+02
7.100000e-07	-2.990980e-09	-3.423046e-09	-1.626786e+01	-8.705255e+02
7.200000e-07	-2.972413e-09	-3.417096e-09	-1.616687e+01	-8.685788e+02
7.300000e-07	-2.953575e-09	-3.412130e-09	-1.606441e+01	-8.665969e+02
7.400000e-07	-2.934468e-09	-3.402354e-09	-1.596049e+01	-8.645786e+02
7.500000e-07	-2.915122e-09	-3.393441e-09	-1.585527e+01	-8.625226e+02
7.600000e-07	-2.895577e-09	-3.387617e-09	-1.574896e+01	-8.604276e+02
7.700000e-07	-2.875878e-09	-3.378866e-09	-1.564182e+01	-8.582923e+02
7.800000e-07	-2.856060e-09	-3.368205e-09	-1.553403e+01	-8.561158e+02
7.900000e-07	-2.836150e-09	-3.360578e-09	-1.542574e+01	-8.538975e+02
8.000000e-07	-2.816155e-09	-3.352930e-09	-1.531699e+01	-8.516368e+02
8.100000e-07	-2.796067e-09	-3.343101e-09	-1.520773e+01	-8.493336e+02
8.200000e-07	-2.775864e-09	-3.334689e-09	-1.509785e+01	-8.469883e+02
8.300000e-07	-2.755517e-09	-3.326631e-09	-1.498718e+01	-8.446013e+02
8.400000e-07	-2.734986e-09	-3.315615e-09	-1.487551e+01	-8.421734e+02
8.500000e-07	-2.714242e-09	-3.304817e-09	-1.476269e+01	-8.397053e+02
8.600000e-07	-2.693266e-09	-3.296392e-09	-1.464860e+01	-8.371983e+02
8.700000e-07	-2.672066e-09	-3.286826e-09	-1.453329e+01	-8.346531e+02
8.800000e-07	-2.650653e-09	-3.275988e-09	-1.441683e+01	-8.320708e+02
8.900000e-07	-2.629038e-09	-3.266765e-09	-1.429926e+01	-8.294521e+02
9.000000e-07	-2.607245e-09	-3.257465e-09	-1.418073e+01	-8.267976e+02
9.100000e-07	-2.585290e-09	-3.246559e-09	-1.406132e+01	-8.241077e+02
9.200000e-07	-2.563178e-09	-3.236052e-09	-1.394105e+01	-8.213825e+02
9.300000e-07	-2.540908e-09	-3.225494e-09	-1.381993e+01	-8.186219e+02
9.400000e-07	-2.518474e-09	-3.213563e-09	-1.369791e+01	-8.158256e+02
9.500000e-07	-2.495862e-09	-3.202359e-09	-1.357492e+01	-8.129928e+02
9.600000e-07	-2.473057e-09	-3.192334e-09	-1.345089e+01	-8.101230e+02
9.700000e-07	-2.450049e-09	-3.181060e-09	-1.332575e+01	-8.072153e+02
9.800000e-07	-2.426836e-09	-3.169014e-09	-1.319949e+01	-8.042687e+02
9.900000e-07	-2.403441e-09	-3.157685e-09	-1.307225e+01	-8.012822e+02
1.000000e-06	-2.379887e-09	-3.145804e-09	-1.294414e+01	-7.982549e+02
1.010000e-06	-2.356191e-09	-3.132826e-09	-1.281526e+01	-7.951860e+02
1.020000e-06	-2.332378e-09	-3.120482e-09	-1.268574e+01	-7.920748e+02
1.030000e-06	-2.308462e-09	-3.108829e-09	-1.255566e+01	-7.889208e+02
1.040000e-06	-2.284446e-09	-3.096662e-09	-1.242504e+01	-7.857234e+02
1.050000e-06	-2.260325e-09	-3.084225e-09	-1.229385e+01	-7.824826e+02
1.060000e-06	-2.236088e-09	-3.071603e-09	-1.216202e+01	-7.791982e+02
1.070000e-06	-2.211721e-09	-3.058165e-09	-1.202949e+01	-7.758704e+02
1.080000e-06	-2.187202e-09	-3.044651e-09	-1.189613e+01	-7.724994e+02
1.090000e-06	-2.162506e-09	-3.031629e-09	-1.176181e+01	-7.690855e+02
1.100000e-06	-2.137608e-09	-3.018436e-09	-1.162639e+01	-7.656290e+02
1.110000e-06	-2.112488e-09	-3.004993e-09	-1.148976e+01	-7.621300e+02
1.120000e-06	-2.087120e-09	-2.991747e-09	-1.135179e+01	-7.585887e+02
1.130000e-06	-2.061486e-09	-2.978219e-09	-1.121237e+01	-7.550048e+02
1.140000e-06	-2.035573e-09	-2.964162e-09	-1.107143e+01	-7.513778e+02
1.150000e-06	-2.009375e-09	-2.949952e-09	-1.092894e+01	-7.477070e+02
1.160000e-06	-1.982904e-09	-2.935273e-09	-1.078496e+01	-7.439910e+02
1.170000e-06	-1.956174e-09	-2.920319e-09	-1.063958e+01	-7.402284e+02
1.180000e-06	-1.929211e-09	-2.905582e-09	-1.049293e+01	-7.364169e+02
1.190000e-06	-1.902041e-09	-2.890566e-09	-1.034515e+01	-7.325543e+02
1.200000e-06	-1.874694e-09	-2.875376e-09	-1.019641e+01	-7.286378e+02
1.210000e-06	-1.847199e-09	-2.860389e-09	-1.004687e+01	-7.246645e+02
1.220000e-06	-1.819582e-09	-2.844716e-09	-9.896660e+00	-7.206313e+02
1.230000e-06	-1.791867e-09	-2.828193e-09	-9.745919e+00	-7.165352e+02
1.240000e-06	-1.764077e-09	-2.811979e-09	-9.594767e+00	-7.123734e+02
1.250000e-06	-1.736225e-09	-2.796002e-09	-9.443281e+00	-7.081432e+02
1.260000e-06	-1.708322e-09	-2.779189e-09	-9.291521e+00	-7.038426e+02
1.270000e-06	-1.680375e-09	-2.761906e-09	-9.139518e+00	-6.994696e+02
1.280000e-06	-1.652381e-09	-2.744975e-09	-8.987259e+00	-6.950233e+02
1.290000e-06	-1.624336e-09	-2.727881e-09	-8.834724e+00	-6.905029e+02
1.300000e-06	-1.596231e-09	-2.710058e-09	-8.681862e+00	-6.859083e+02
1.310000e-06	-1.568055e-09	-2.691753e-09	-8.528613e+00	-6.812401e+02
1.320000e-06	-1.539796e-09	-2.673146e-09	-8.374911e+00	-6.764990e+02
1.330000e-06	-1.511449e-09	-2.654340e-09	-8.220733e+00	-6.716862e+02
1.340000e-06	-1.483004e-09	-2.635313e-09	-8.066020e+00	-6.668030e+02
1.350000e-06	-1.454454e-09	-2.615722e-09	-7.910739e+00	-6.618506e+02
1.360000e-06	-1.425799e-09	-2.595570e-09	-7.754887e+00	-6.568301e+02
1.370000e-06	-1.397026e-09	-2.575442e-09	-7.598393e+00	-6.517425e+02
1.380000e-06	-1.368128e-09	-2.555442e-09	-7.441216e+00	-6.465883e+02
1.390000e-06	-1.339107e-09	-2.534971e-09	-7.283372e+00	-6.413674e+02
1.400000e-06	-1.309967e-09	-2.514052e-09	-7.124877e+00	-6.360796e+02
1.410000e-06	-1.280706e-09	-2.492874e-09	-6.965728e+00	-6.307238e+02
1.420000e-06	-1.251333e-09	-2.471216e-09	-6.805969e+00	-6.252988e+02
1.430000e-06	-1.221858e-09	-2.449029e-09	-6.645655e+00	-6.198028e+02
1.440000e-06	-1.192290e-09	-2.426470e-09	-6.484838e+00	-6.142340e+02
1.450000e-06	-1.162642e-09	-2.403737e-09	-6.323581e+00	-6.085900e+02
1.460000e-06	-1.132926e-09	-2.380948e-09	-6.161958e+00	-6.028688e+02
1.470000e-06	-1.103149e-09	-2.358022e-09	-6.000003e+00	-5.970682e+02
1.480000e-06	-1.073317e-09	-2.334676e-09	-5.837748e+00	-5.911860e+02
1.490000e-06	-1.043439e-09	-2.310717e-09	-5.675242e+00	-5.852202e+02
1.500000e-06	-1.013513e-09	-2.286450e-09	-5.512475e+00	-5.791690e+02
1.510000e-06	-9.835402e-10	-2.262065e-09	-5.349453e+00	-5.730307e+02
1.520000e-06	-9.535204e-10	-2.237293e-09	-5.186176e+00	-5.668034e+02
1.530000e-06	-9.234547e-10	-2.212265e-09	-5.022650e+00	-5.604854e+02
1.540000e-06	-8.933404e-10	-2.187204e-09	-4.858859e+00	-5.540746e+02
1.550000e-06	-8.631784e-10	-2.161641e-09	-4.694809e+00	-5.475688e+02
1.560000e-06	-8.329686e-10	-2.135068e-09	-4.530499e+00	-5.409655e+02
1.570000e-06	-8.027078e-10	-2.107943e-09	-4.365911e+00	-5.342617e+02
1.580000e-06	-7.723938e-10	-2.080694e-09	-4.201034e+00	-5.274539e+02
1.590000e-06	-7.420331e-10	-2.053226e-09	-4.035903e+00	-5.205384e+02
1.600000e-06	-7.116336e-10	-2.025615e-09	-3.870561e+00	-5.135111e+02
1.610000e-06	-6.811907e-10	-1.997991e-09	-3.704983e+00	-5.063677e+02
1.620000e-06	-6.507034e-10	-1.969629e-09	-3.539164e+00	-4.991037e+02
1.630000e-06	-6.201748e-10	-1.939973e-09	-3.373120e+00	-4.917150e+02
1.640000e-06	-5.896085e-10	-1.909630e-09	-3.206870e+00	-4.841974e+02
1.650000e-06	-5.590050e-10	-1.878949e-09	-3.040419e+00	-4.765477e+02
1.660000e-06	-5.283634e-10	-1.847977e-09	-2.873760e+00	-4.687630e+02
1.670000e-06	-4.976809e-10	-1.816948e-09	-2.706879e+00	-4.608412e+02
1.680000e-06	-4.669553e-10	-1.785782e-09	-2.539764e+00	-4.527814e+02
1.690000e-06	-4.361857e-10	-1.753992e-09	-2.372409e+00	-4.445832e+02
1.700000e-06	-4.053749e-10	-1.721365e-09	-2.204830e+00	-4.362473e+02
1.710000e-06	-3.745290e-10	-1.687638e-09	-2.037060e+00	-4.277752e+02
1.720000e-06	-3.436532e-10	-1.652613e-09	-1.869128e+00	-4.191689e+02
1.730000e-06	-3.127519e-10	-1.616909e-09	-1.701057e+00	-4.104309e+02
1.740000e-06	-2.818287e-10	-1.581373e-09	-1.532866e+00	-4.015639e+02
1.750000e-06	-2.508818e-10	-1.546311e-09	-1.364548e+00	-3.925707e+02
1.760000e-06	-2.199145e-10	-1.511064e-09	-1.196117e+00	-3.834537e+02
1.770000e-06	-1.889342e-10	-1.474882e-09	-1.027617e+00	-3.742153e+02
1.780000e-06	-1.579467e-10	-1.437660e-09	-8.590764e-01	-3.648570e+02
1.790000e-06	-1.269463e-10	-1.399567e-09	-6.904665e-01	-3.553798e+02
1.800000e-06	-9.593134e-11	-1.361065e-09	-5.217770e-01	-3.457843e+02
1.810000e-06	-6.490521e-11	-1.322345e-09	-3.530270e-01	-3.360704e+02
1.820000e-06	-3.386596e-11	-1.283371e-09	-1.842055e-01	-3.262375e+02
1.830000e-06	-2.817925e-12	-1.244401e-09	-1.533628e-02	-3.162848e+02
1.840000e-06	2.823290e-11	-1.205218e-09	1.535481e-01	-3.062114e+02
1.850000e-06	5.928434e-11	-1.165039e-09	3.224358e-01	-2.960166e+02
1.860000e-06	9.033146e-11	-1.123674e-09	4.913001e-01	-2.856999e+02
1.870000e-06	1.213692e-10	-1.081737e-09	6.601134e-01	-2.752614e+02
1.880000e-06	1.523929e-10	-1.039797e-09	8.288501e-01	-2.647017e+02
1.890000e-06	1.833930e-10	-9.981587e-10	9.974587e-01	-2.540226e+02
1.900000e-06	2.143722e-10	-9.564308e-10	1.165954e+00	-2.432264e+02
1.910000e-06	2.453265e-10	-9.136861e-10	1.334313e+00	-2.323163e+02
1.920000e-06	2.762512e-10	-8.699394e-10	1.502511e+00	-2.212964e+02
1.930000e-06	3.071540e-10	-8.257633e-10	1.670591e+00	-2.101716e+02
1.940000e-06	3.380294e-10	-7.812665e-10	1.838521e+00	-1.989471e+02
1.950000e-06	3.688727e-10	-7.365251e-10	2.006277e+00	-1.876287e+02
1.960000e-06	3.996881e-10	-6.916456e-10	2.173881e+00	-1.762224e+02
1.970000e-06	4.304764e-10	-6.468497e-10	2.341338e+00	-1.647344e+02
1.980000e-06	4.612341e-10	-6.022449e-10	2.508628e+00	-1.531707e+02
1.990000e-06	4.919475e-10	-5.573584e-10	2.675677e+00	-1.415372e+02
2.000000e-06	5.226145e-10	-5.115306e-10	2.842474e+00	-1.298397e+02
2.010000e-06	5.532363e-10	-4.647879e-10	3.009025e+00	-1.180835e+02
2.020000e-06	5.838048e-10	-4.179457e-10	3.175286e+00	-1.062741e+02
2.030000e-06	6.143221e-10	-3.713838e-10	3.341269e+00	-9.441636e+01
2.040000e-06	6.447908e-10	-3.247571e-10	3.506987e+00	-8.251522e+01
2.050000e-06	6.752198e-10	-2.777874e-10	3.672490e+00	-7.057555e+01
2.060000e-06	7.056116e-10	-2.307568e-10	3.837789e+00	-5.860220e+01
2.070000e-06	7.359531e-10	-1.838980e-10	4.002816e+00	-4.660016e+01
2.080000e-06	7.662439e-10	-1.368886e-10	4.167566e+00	-3.457453e+01
2.090000e-06	7.964917e-10	-8.937174e-11	4.332084e+00	-2.253058e+01
2.100000e-06	8.266940e-10	-4.153388e-11	4.496353e+00	-1.047376e+01
2.110000e-06	8.568564e-10	6.145097e-12	4.660405e+00	1.590356e+00
2.120000e-06	8.869770e-10	5.322259e-11	4.824230e+00	1.365611e+01
2.130000e-06	9.170485e-10	9.969722e-11	4.987788e+00	2.571783e+01
2.140000e-06	9.470759e-10	1.464618e-10	5.151107e+00	3.776993e+01
2.150000e-06	9.770581e-10	1.940260e-10	5.314179e+00	4.980698e+01
2.160000e-06	1.006991e-09	2.418604e-10	5.476981e+00	6.182384e+01
2.170000e-06	1.036872e-09	2.893672e-10	5.639503e+00	7.381564e+01
2.180000e-06	1.066701e-09	3.361705e-10	5.801742e+00	8.577794e+01
2.190000e-06	1.096473e-09	3.823045e-10	5.963673e+00	9.770668e+01
2.200000e-06	1.126187e-09	4.285578e-10	6.125284e+00	1.095982e+02
2.210000e-06	1.155841e-09	4.752804e-10	6.286575e+00	1.214492e+02
2.220000e-06	1.185425e-09	5.218239e-10	6.447483e+00	1.332569e+02
2.230000e-06	1.214928e-09	5.679518e-10	6.607947e+00	1.450186e+02
2.240000e-06	1.244347e-09	6.142830e-10	6.767955e+00	1.567320e+02
2.250000e-06	1.273668e-09	6.608675e-10	6.927433e+00	1.683949e+02
2.260000e-06	1.302878e-09	7.067332e-10	7.086304e+00	1.800053e+02
2.270000e-06	1.331973e-09	7.516662e-10	7.244549e+00	1.915611e+02
2.280000e-06	1.360949e-09	7.964848e-10	7.402148e+00	2.030605e+02
2.290000e-06	1.389797e-09	8.414385e-10	7.559052e+00	2.145016e+02
2.300000e-06	1.418514e-09	8.863304e-10	7.715243e+00	2.258825e+02
2.310000e-06	1.447111e-09	9.312283e-10	7.870782e+00	2.372012e+02
2.320000e-06	1.475596e-09	9.758456e-10	8.025711e+00	2.484561e+02
2.330000e-06	1.503976e-09	1.019879e-09	8.180071e+00	2.596452e+02
2.340000e-06	1.532265e-09	1.063611e-09	8.333933e+00	2.707667e+02
2.350000e-06	1.560474e-09	1.107257e-09	8.487361e+00	2.818190e+02
2.360000e-06	1.588617e-09	1.150553e-09	8.640430e+00	2.928004e+02
2.370000e-06	1.616705e-09	1.193286e-09	8.793198e+00	3.037091e+02
2.380000e-06	1.644744e-09	1.235771e-09	8.945700e+00	3.145436e+02
2.390000e-06	1.672737e-09	1.278219e-09	9.097957e+00	3.253020e+02
2.400000e-06	1.700686e-09	1.320429e-09	9.249972e+00	3.359828e+02
2.410000e-06	1.728595e-09	1.362351e-09	9.401764e+00	3.465840e+02
2.420000e-06	1.756458e-09	1.403955e-09	9.553312e+00	3.571036e+02
2.430000e-06	1.784262e-09	1.445368e-09	9.704536e+00	3.675398e+02
2.440000e-06	1.811991e-09	1.486656e-09	9.855355e+00	3.778904e+02
2.450000e-06	1.839621e-09	1.527286e-09	1.000563e+01	3.881532e+02
2.460000e-06	1.867120e-09	1.567244e-09	1.015520e+01	3.983260e+02
2.470000e-06	1.894457e-09	1.606953e-09	1.030388e+01	4.084066e+02
2.480000e-06	1.921601e-09	1.646250e-09	1.045152e+01	4.183929e+02
2.490000e-06	1.948525e-09	1.685035e-09	1.059796e+01	4.282830e+02
2.500000e-06	1.975197e-09	1.723732e-09	1.074303e+01	4.380748e+02
2.510000e-06	2.001598e-09	1.762423e-09	1.088662e+01	4.477668e+02
2.520000e-06	2.027719e-09	1.800592e-09	1.102869e+01	4.573576e+02
2.530000e-06	2.053555e-09	1.838192e-09	1.116921e+01	4.668457e+02
2.540000e-06	2.079117e-09	1.875521e-09	1.130825e+01	4.762301e+02
2.550000e-06	2.104412e-09	1.912292e-09	1.144582e+01	4.855096e+02
2.560000e-06	2.129450e-09	1.948192e-09	1.158200e+01	4.946831e+02
2.570000e-06	2.154259e-09	1.983406e-09	1.171694e+01	5.037495e+02
2.580000e-06	2.178863e-09	2.018468e-09	1.185076e+01	5.127075e+02
2.590000e-06	2.203291e-09	2.053440e-09	1.198362e+01	5.215553e+02
2.600000e-06	2.227573e-09	2.087911e-09	1.211569e+01	5.302911e+02
2.610000e-06	2.251737e-09	2.121726e-09	1.224712e+01	5.389126e+02
2.620000e-06	2.275796e-09	2.155015e-09	1.237798e+01	5.474174e+02
2.630000e-06	2.299758e-09	2.187844e-09	1.250831e+01	5.558025e+02
2.640000e-06	2.323622e-09	2.220194e-09	1.263810e+01	5.640652e+02
2.650000e-06	2.347378e-09	2.252152e-09	1.276731e+01	5.722024e+02
2.660000e-06	2.371009e-09	2.283607e-09	1.289583e+01	5.802113e+02
2.670000e-06	2.394485e-09	2.314200e-09	1.302352e+01	5.880892e+02
2.680000e-06	2.417782e-09	2.344149e-09	1.315023e+01	5.958343e+02
2.690000e-06	2.440882e-09	2.374112e-09	1.327587e+01	6.034450e+02
2.700000e-06	2.463773e-09	2.403793e-09	1.340038e+01	6.109207e+02
2.710000e-06	2.486459e-09	2.432845e-09	1.352377e+01	6.182616e+02
2.720000e-06	2.508955e-09	2.461257e-09	1.364612e+01	6.254687e+02
2.730000e-06	2.531275e-09	2.488830e-09	1.376752e+01	6.325440e+02
2.740000e-06	2.553437e-09	2.515928e-09	1.388806e+01	6.394902e+02
2.750000e-06	2.575457e-09	2.542841e-09	1.400782e+01	6.463108e+02
2.760000e-06	2.597337e-09	2.569187e-09	1.412683e+01	6.530095e+02
2.770000e-06	2.619068e-09	2.594786e-09	1.424502e+01	6.595906e+02
2.780000e-06	2.640629e-09	2.619884e-09	1.436229e+01	6.660583e+02
2.790000e-06	2.661997e-09	2.644707e-09	1.447851e+01	6.724165e+02
2.800000e-06	2.683154e-09	2.669528e-09	1.459358e+01	6.786690e+02
2.810000e-06	2.704089e-09	2.694225e-09	1.470744e+01	6.848188e+02
2.820000e-06	2.724797e-09	2.718390e-09	1.482008e+01	6.908684e+02
2.830000e-06	2.745301e-09	2.742218e-09	1.493160e+01	6.968196e+02
2.840000e-06	2.765634e-09	2.765681e-09	1.504219e+01	7.026734e+02
2.850000e-06	2.785824e-09	2.788492e-09	1.515200e+01	7.084301e+02
2.860000e-06	2.805904e-09	2.810722e-09	1.526121e+01	7.140896e+02
2.870000e-06	2.825893e-09	2.832643e-09	1.536994e+01	7.196510e+02
2.880000e-06	2.845795e-09	2.854475e-09	1.547818e+01	7.251135e+02
2.890000e-06	2.865600e-09	2.876199e-09	1.558590e+01	7.304759e+02
2.900000e-06	2.885282e-09	2.897725e-09	1.569295e+01	7.357374e+02
2.910000e-06	2.904806e-09	2.918252e-09	1.579914e+01	7.408969e+02
2.920000e-06	2.924134e-09	2.937414e-09	1.590427e+01	7.459539e+02
2.930000e-06	2.943224e-09	2.956208e-09	1.600810e+01	7.509082e+02
2.940000e-06	2.962051e-09	2.975160e-09	1.611050e+01	7.557599e+02
2.950000e-06	2.980602e-09	2.994111e-09	1.621140e+01	7.605095e+02
2.960000e-06	2.998873e-09	3.012916e-09	1.631077e+01	7.651578e+02
2.970000e-06	3.016884e-09	3.031385e-09	1.640873e+01	7.697057e+02
2.980000e-06	3.034667e-09	3.049369e-09	1.650545e+01	7.741542e+02
2.990000e-06	3.052251e-09	3.066629e-09	1.660109e+01	7.785045e+02
3.000000e-06	3.069667e-09	3.082991e-09	1.669581e+01	7.827575e+02
3.010000e-06	3.086932e-09	3.098536e-09	1.678972e+01	7.869142e+02
3.020000e-06	3.104041e-09	3.113636e-09	1.688278e+01	7.909753e+02
3.030000e-06	3.120986e-09	3.128857e-09	1.697494e+01	7.949415e+02
3.040000e-06	3.137745e-09	3.144673e-09	1.706609e+01	7.988134e+02
3.050000e-06	3.154285e-09	3.160251e-09	1.715605e+01	8.025915e+02
3.060000e-06	3.170566e-09	3.174592e-09	1.724460e+01	8.062765e+02
3.070000e-06	3.186551e-09	3.188516e-09	1.733155e+01	8.098693e+02
3.080000e-06	3.202210e-09	3.202473e-09	1.741671e+01	8.133711e+02
3.090000e-06	3.217521e-09	3.215740e-09	1.749999e+01	8.167834e+02
3.100000e-06	3.232489e-09	3.228321e-09	1.758140e+01	8.201084e+02
3.110000e-06	3.247144e-09	3.240714e-09	1.766111e+01	8.233485e+02
3.120000e-06	3.261530e-09	3.252991e-09	1.773935e+01	8.265067e+02
3.130000e-06	3.275684e-09	3.265251e-09	1.781633e+01	8.295863e+02
3.140000e-06	3.289622e-09	3.277577e-09	1.789214e+01	8.325909e+02
3.150000e-06	3.303343e-09	3.289596e-09	1.796677e+01	8.355245e+02
3.160000e-06	3.316827e-09	3.301012e-09	1.804011e+01	8.383907e+02
3.170000e-06	3.330054e-09	3.311960e-09	1.811205e+01	8.411935e+02
3.180000e-06	3.343013e-09	3.322736e-09	1.818253e+01	8.439361e+02
3.190000e-06	3.355710e-09	3.333339e-09	1.825160e+01	8.466219e+02
3.200000e-06	3.368165e-09	3.343798e-09	1.831934e+01	8.492534e+02
3.210000e-06	3.380403e-09	3.354173e-09	1.838590e+01	8.518328e+02
3.220000e-06	3.392448e-09	3.364218e-09	1.845141e+01	8.543618e+02
3.230000e-06	3.404296e-09	3.374173e-09	1.851585e+01	8.568417e+02
3.240000e-06	3.415928e-09	3.384139e-09	1.857912e+01	8.592734e+02
3.250000e-06	3.427297e-09	3.393571e-09	1.864095e+01	8.616575e+02
3.260000e-06	3.438344e-09	3.402567e-09	1.870104e+01	8.639946e+02
3.270000e-06	3.449012e-09	3.411757e-09	1.875906e+01	8.662850e+02
3.280000e-06	3.459261e-09	3.421040e-09	1.881480e+01	8.685293e+02
3.290000e-06	3.469080e-09	3.429954e-09	1.886821e+01	8.707281e+02
3.300000e-06	3.478475e-09	3.438333e-09	1.891931e+01	8.728824e+02
3.310000e-06	3.487482e-09	3.446325e-09	1.896830e+01	8.749930e+02
3.320000e-06	3.496165e-09	3.454560e-09	1.901552e+01	8.770613e+02
3.330000e-06	3.504588e-09	3.463177e-09	1.906134e+01	8.790883e+02
3.340000e-06	3.512810e-09	3.471516e-09	1.910606e+01	8.810754e+02
3.350000e-06	3.520875e-09	3.478980e-09	1.914992e+01	8.830236e+02
3.360000e-06	3.528800e-09	3.485957e-09	1.919303e+01	8.849338e+02
3.370000e-06	3.536576e-09	3.493528e-09	1.923532e+01	8.868064e+02
3.380000e-06	3.544168e-09	3.501588e-09	1.927661e+01	8.886416e+02
3.390000e-06	3.551530e-09	3.509053e-09	1.931665e+01	8.904391e+02
3.400000e-06	3.558634e-09	3.515540e-09	1.935529e+01	8.921981e+02
3.410000e-06	3.565465e-09	3.521651e-09	1.939244e+01	8.939174e+02
3.420000e-06	3.572021e-09	3.528263e-09	1.942810e+01	8.955956e+02
3.430000e-06	3.578325e-09	3.535510e-09	1.946239e+01	8.972312e+02
3.440000e-06	3.584399e-09	3.542649e-09	1.949543e+01	8.988227e+02
3.450000e-06	3.590245e-09	3.548899e-09	1.952722e+01	9.003685e+02
3.460000e-06	3.595848e-09	3.554437e-09	1.955770e+01	9.018676e+02
3.470000e-06	3.601185e-09	3.560083e-09	1.958672e+01	9.033193e+02
3.480000e-06	3.606241e-09	3.565833e-09	1.961422e+01	9.047233e+02
3.490000e-06	3.611019e-09	3.570995e-09	1.964021e+01	9.060800e+02
3.500000e-06	3.615546e-09	3.575683e-09	1.966483e+01	9.073903e+02
3.510000e-06	3.619860e-09	3.580857e-09	1.968830e+01	9.086555e+02
3.520000e-06	3.624006e-09	3.586530e-09	1.971085e+01	9.098771e+02
3.530000e-06	3.628016e-09	3.591949e-09	1.973266e+01	9.110569e+02
3.540000e-06	3.631896e-09	3.596606e-09	1.975376e+01	9.121968e+02
3.550000e-06	3.635621e-09	3.600336e-09	1.977402e+01	9.132982e+02
3.560000e-06	3.639141e-09	3.603609e-09	1.979317e+01	9.143626e+02
3.570000e-06	3.642394e-09	3.607212e-09	1.981086e+01	9.153905e+02
3.580000e-06	3.645319e-09	3.611343e-09	1.982677e+01	9.163822e+02
3.590000e-06	3.647855e-09	3.615755e-09	1.984056e+01	9.173371e+02
3.600000e-06	3.649960e-09	3.619956e-09	1.985201e+01	9.182543e+02
3.610000e-06	3.651627e-09	3.623786e-09	1.986108e+01	9.191320e+02
3.620000e-06	3.652877e-09	3.627449e-09	1.986787e+01	9.199683e+02
3.630000e-06	3.653754e-09	3.630631e-09	1.987265e+01	9.207609e+02
3.640000e-06	3.654325e-09	3.632656e-09	1.987575e+01	9.215075e+02
3.650000e-06	3.654657e-09	3.633723e-09	1.987755e+01	9.222061e+02
3.660000e-06	3.654803e-09	3.635265e-09	1.987835e+01	9.228548e+02
3.670000e-06	3.654794e-09	3.638087e-09	1.987830e+01	9.234524e+02
3.680000e-06	3.654633e-09	3.641150e-09	1.987743e+01	9.239984e+02
3.690000e-06	3.654300e-09	3.643005e-09	1.987561e+01	9.244928e+02
3.700000e-06	3.653751e-09	3.644189e-09	1.987263e+01	9.249365e+02
3.710000e-06	3.652935e-09	3.647341e-09	1.986819e+01	9.253310e+02
3.720000e-06	3.651821e-09	3.651836e-09	1.986213e+01	9.256783e+02
3.730000e-06	3.650402e-09	3.656966e-09	1.985441e+01	9.259808e+02
3.740000e-06	3.648665e-09	3.653999e-09	1.984496e+01	9.262412e+02
3.750000e-06	3.646598e-09	3.637575e-09	1.983372e+01	9.264621e+02
3.760000e-06	3.644235e-09	3.639740e-09	1.982087e+01	9.266460e+02
3.770000e-06	3.641662e-09	3.670083e-09	1.980688e+01	9.267951e+02
3.780000e-06	3.638960e-09	3.664252e-09	1.979218e+01	9.269111e+02
3.790000e-06	3.636143e-09	3.632473e-09	1.977686e+01	9.269952e+02
3.800000e-06	3.633142e-09	3.652789e-09	1.976054e+01	9.270479e+02
3.810000e-06	3.629883e-09	3.676901e-09	1.974281e+01	9.270695e+02
3.820000e-06	3.626353e-09	3.646118e-09	1.972361e+01	9.270593e+02
3.830000e-06	3.622596e-09	3.630239e-09	1.970318e+01	9.270169e+02
3.840000e-06	3.618670e-09	3.658670e-09	1.968182e+01	9.269410e+02
3.850000e-06	3.614602e-09	3.663120e-09	1.965970e+01	9.268308e+02
3.860000e-06	3.610382e-09	3.640122e-09	1.963674e+01	9.266852e+02
3.870000e-06	3.605970e-09	3.644804e-09	1.961275e+01	9.265034e+02
3.880000e-06	3.601313e-09	3.661332e-09	1.958742e+01	9.262849e+02
3.890000e-06	3.596322e-09	3.652416e-09	1.956027e+01	9.260294e+02
3.900000e-06	3.590880e-09	3.637891e-09	1.953067e+01	9.257371e+02
3.910000e-06	3.584927e-09	3.638326e-09	1.949830e+01	9.254083e+02
3.920000e-06	3.578492e-09	3.643211e-09	1.946330e+01	9.250438e+02
3.930000e-06	3.571661e-09	3.643984e-09	1.942614e+01	9.246442e+02
3.940000e-06	3.564505e-09	3.640544e-09	1.938722e+01	9.242105e+02
3.950000e-06	3.557070e-09	3.634317e-09	1.934678e+01	9.237435e+02
3.960000e-06	3.549402e-09	3.633835e-09	1.930508e+01	9.232438e+02
3.970000e-06	3.541546e-09	3.637167e-09	1.926235e+01	9.227118e+02
3.980000e-06	3.533530e-09	3.629733e-09	1.921875e+01	9.221477e+02
3.990000e-06	3.525362e-09	3.618109e-09	1.917433e+01	9.215515e+02
4.000000e-06	3.517027e-09	3.623153e-09	1.912899e+01	9.209228e+02
4.010000e-06	3.508497e-09	3.632663e-09	1.908259e+01	9.202612e+02
4.020000e-06	3.499729e-09	3.622655e-09	1.903491e+01	9.195661e+02
4.030000e-06	3.490680e-09	3.607633e-09	1.898569e+01	9.188368e+02
4.040000e-06	3.481340e-09	3.610845e-09	1.893489e+01	9.180731e+02
4.050000e-06	3.471730e-09	3.617018e-09	1.888262e+01	9.172746e+02
4.060000e-06	3.461881e-09	3.605616e-09	1.882905e+01	9.164412e+02
4.070000e-06	3.451826e-09	3.593558e-09	1.877436e+01	9.155733e+02
4.080000e-06	3.441577e-09	3.599133e-09	1.871862e+01	9.146714e+02
4.090000e-06	3.431123e-09	3.604379e-09	1.866176e+01	9.137364e+02
4.100000e-06	3.420428e-09	3.592355e-09	1.860359e+01	9.127694e+02
4.110000e-06	3.409451e-09	3.580734e-09	1.854389e+01	9.117715e+02
4.120000e-06	3.398185e-09	3.583292e-09	1.848261e+01	9.107438e+02
4.130000e-06	3.386646e-09	3.582637e-09	1.841985e+01	9.096876e+02
4.140000e-06	3.374860e-09	3.570094e-09	1.835575e+01	9.086035e+02
4.150000e-06	3.362848e-09	3.565202e-09	1.829041e+01	9.074922e+02
4.160000e-06	3.350604e-09	3.570550e-09	1.822382e+01	9.063538e+02
4.170000e-06	3.338112e-09	3.564412e-09	1.815588e+01	9.051880e+02
4.180000e-06	3.325320e-09	3.549730e-09	1.808630e+01	9.039942e+02
4.190000e-06	3.312167e-09	3.548450e-09	1.801476e+01	9.027712e+02
4.200000e-06	3.298610e-09	3.551915e-09	1.794103e+01	9.015179e+02
4.210000e-06	3.284634e-09	3.540195e-09	1.786501e+01	9.002325e+02
4.220000e-06	3.270241e-09	3.527614e-09	1.778673e+01	8.989135e+02
4.230000e-06	3.255457e-09	3.530357e-09	1.770632e+01	8.975593e+02
4.240000e-06	3.240331e-09	3.529756e-09	1.762405e+01	8.961685e+02
4.250000e-06	3.224925e-09	3.515267e-09	1.754026e+01	8.947399e+02
4.260000e-06	3.209294e-09	3.507562e-09	1.745524e+01	8.932728e+02
4.270000e-06	3.193486e-09	3.509550e-09	1.736926e+01	8.917668e+02
4.280000e-06	3.177541e-09	3.501144e-09	1.728254e+01	8.902219e+02
4.290000e-06	3.161471e-09	3.487795e-09	1.719513e+01	8.886384e+02
4.300000e-06	3.145263e-09	3.486671e-09	1.710698e+01	8.870171e+02
4.310000e-06	3.128892e-09	3.485326e-09	1.701794e+01	8.853589e+02
4.320000e-06	3.112313e-09	3.471806e-09	1.692776e+01	8.836648e+02
4.330000e-06	3.095487e-09	3.462862e-09	1.683625e+01	8.819358e+02
4.340000e-06	3.078402e-09	3.463119e-09	1.674333e+01	8.801728e+02
4.350000e-06	3.061074e-09	3.454797e-09	1.664908e+01	8.783766e+02
4.360000e-06	3.043526e-09	3.441004e-09	1.655363e+01	8.765476e+02
4.370000e-06	3.025780e-09	3.436963e-09	1.645711e+01	8.746857e+02
4.380000e-06	3.007861e-09	3.433715e-09	1.635965e+01	8.727908e+02
4.390000e-06	2.989778e-09	3.421475e-09	1.626130e+01	8.708622e+02
4.400000e-06	2.971518e-09	3.412537e-09	1.616199e+01	8.688989e+02
4.410000e-06	2.953057e-09	3.409308e-09	1.606158e+01	8.668999e+02
4.420000e-06	2.934375e-09	3.399312e-09	1.595997e+01	8.648638e+02
4.430000e-06	2.915458e-09	3.386791e-09	1.585708e+01	8.627892e+02
4.440000e-06	2.896302e-09	3.381563e-09	1.575289e+01	8.606751e+02
4.450000e-06	2.876927e-09	3.375118e-09	1.564751e+01	8.585202e+02
4.460000e-06	2.857365e-09	3.362658e-09	1.554111e+01	8.563238e+02
4.470000e-06	2.837650e-09	3.354169e-09	1.543388e+01	8.540851e+02
4.480000e-06	2.817817e-09	3.348685e-09	1.532601e+01	8.518041e+02
4.490000e-06	2.797892e-09	3.337756e-09	1.521764e+01	8.494807e+02
4.500000e-06	2.777886e-09	3.326595e-09	1.510882e+01	8.471153e+02
4.510000e-06	2.757797e-09	3.319526e-09	1.499956e+01	8.447086e+02
4.520000e-06	2.737608e-09	3.309365e-09	1.488975e+01	8.422614e+02
4.530000e-06	2.717279e-09	3.296929e-09	1.477918e+01	8.397746e+02
4.540000e-06	2.696755e-09	3.288907e-09	1.466756e+01	8.372492e+02
4.550000e-06	2.675982e-09	3.280429e-09	1.455457e+01	8.346862e+02
4.560000e-06	2.654903e-09	3.267682e-09	1.443993e+01	8.320865e+02
4.570000e-06	2.633486e-09	3.256951e-09	1.432344e+01	8.294507e+02
4.580000e-06	2.611712e-09	3.247997e-09	1.420501e+01	8.267793e+02
4.590000e-06	2.589579e-09	3.235443e-09	1.408463e+01	8.240727e+02
4.600000e-06	2.567097e-09	3.222886e-09	1.396235e+01	8.213307e+02
4.610000e-06	2.544296e-09	3.213274e-09	1.383834e+01	8.185531e+02
4.620000e-06	2.521215e-09	3.201884e-09	1.371280e+01	8.157395e+02
4.630000e-06	2.497894e-09	3.189175e-09	1.358596e+01	8.128892e+02
4.640000e-06	2.474377e-09	3.179053e-09	1.345805e+01	8.100014e+02
4.650000e-06	2.450706e-09	3.168430e-09	1.332930e+01	8.070751e+02
4.660000e-06	2.426920e-09	3.155223e-09	1.319993e+01	8.041096e+02
4.670000e-06	2.403041e-09	3.143202e-09	1.307006e+01	8.011036e+02
4.680000e-06	2.379081e-09	3.132233e-09	1.293974e+01	7.980565e+02
4.690000e-06	2.355040e-09	3.119540e-09	1.280898e+01	7.949674e+02
4.700000e-06	2.330905e-09	3.106890e-09	1.267771e+01	7.918357e+02
4.710000e-06	2.306669e-09	3.095190e-09	1.254589e+01	7.886609e+02
4.720000e-06	2.282318e-09	3.082302e-09	1.241345e+01	7.854426e+02
4.730000e-06	2.257832e-09	3.068859e-09	1.228027e+01	7.821809e+02
4.740000e-06	2.233191e-09	3.055812e-09	1.214624e+01	7.788756e+02
4.750000e-06	2.208373e-09	3.041504e-09	1.201126e+01	7.755270e+02
4.760000e-06	2.183374e-09	3.026533e-09	1.187529e+01	7.721354e+02
4.770000e-06	2.158190e-09	3.012981e-09	1.173832e+01	7.687010e+02
4.780000e-06	2.132832e-09	2.999821e-09	1.160039e+01	7.652241e+02
4.790000e-06	2.107313e-09	2.985954e-09	1.146160e+01	7.617048e+02
4.800000e-06	2.081644e-09	2.972075e-09	1.132199e+01	7.581430e+02
4.810000e-06	2.055842e-09	2.957718e-09	1.118165e+01	7.545385e+02
4.820000e-06	2.029917e-09	2.942423e-09	1.104064e+01	7.508906e+02
4.830000e-06	2.003868e-09	2.927536e-09	1.089897e+01	7.471982e+02
4.840000e-06	1.977690e-09	2.912941e-09	1.075658e+01	7.434600e+02
4.850000e-06	1.951374e-09	2.897425e-09	1.061345e+01	7.396740e+02
4.860000e-06	1.924912e-09	2.881947e-09	1.046952e+01	7.358382e+02
4.870000e-06	1.898302e-09	2.867223e-09	1.032479e+01	7.319498e+02
4.880000e-06	1.871540e-09	2.852022e-09	1.017924e+01	7.280061e+02
4.890000e-06	1.844620e-09	2.836053e-09	1.003282e+01	7.240040e+02
4.900000e-06	1.817542e-09	2.819854e-09	9.885546e+00	7.199406e+02
4.910000e-06	1.790317e-09	2.803048e-09	9.737466e+00	7.158128e+02
4.920000e-06	1.762952e-09	2.785825e-09	9.588633e+00	7.116180e+02
4.930000e-06	1.735458e-09	2.769040e-09	9.439094e+00	7.073537e+02
4.940000e-06	1.707850e-09	2.752162e-09	9.288934e+00	7.030179e+02
4.950000e-06	1.680146e-09	2.734527e-09	9.138250e+00	6.986092e+02
4.960000e-06	1.652362e-09	2.716677e-09	8.987134e+00	6.941268e+02
4.970000e-06	1.624510e-09	2.698710e-09	8.835648e+00	6.895701e+02
4.980000e-06	1.596601e-09	2.680318e-09	8.683850e+00	6.849396e+02
4.990000e-06	1.568641e-09	2.662070e-09	8.531777e+00	6.802357e+02
5.000000e-06	1.540634e-09	2.643844e-09	8.379448e+00	6.754595e+02
5.010000e-06	1.512586e-09	2.624820e-09	8.226895e+00	6.706122e+02
5.020000e-06	1.484496e-09	2.605602e-09	8.074113e+00	6.656951e+02
5.030000e-06	1.456357e-09	2.586394e-09	7.921068e+00	6.607094e+02
5.040000e-06	1.428162e-09	2.566450e-09	7.767718e+00	6.556561e+02
5.050000e-06	1.399901e-09	2.545983e-09	7.614005e+00	6.505360e+02
5.060000e-06	1.371563e-09	2.525584e-09	7.459877e+00	6.453494e+02
5.070000e-06	1.343142e-09	2.505026e-09	7.305296e+00	6.400960e+02
5.080000e-06	1.314620e-09	2.484318e-09	7.150165e+00	6.347752e+02
5.090000e-06	1.285983e-09	2.463791e-09	6.994410e+00	6.293858e+02
5.100000e-06	1.257224e-09	2.442999e-09	6.837988e+00	6.239264e+02
5.110000e-06	1.228335e-09	2.421513e-09	6.680863e+00	6.183950e+02
5.120000e-06	1.199304e-09	2.399694e-09	6.522965e+00	6.127897e+02
5.130000e-06	1.170126e-09	2.377903e-09	6.364268e+00	6.071083e+02
5.140000e-06	1.140807e-09	2.356091e-09	6.204804e+00	6.013484e+02
5.150000e-06	1.111352e-09	2.333930e-09	6.044596e+00	5.955081e+02
5.160000e-06	1.081760e-09	2.311196e-09	5.883649e+00	5.895851e+02
5.170000e-06	1.052030e-09	2.287912e-09	5.721951e+00	5.835777e+02
5.180000e-06	1.022168e-09	2.264133e-09	5.559532e+00	5.774840e+02
5.190000e-06	9.921796e-10	2.240018e-09	5.396425e+00	5.713022e+02
5.200000e-06	9.620536e-10	2.215522e-09	5.232571e+00	5.650305e+02
5.210000e-06	9.317929e-10	2.190497e-09	5.067984e+00	5.586671e+02
5.220000e-06	9.014076e-10	2.164966e-09	4.902720e+00	5.522099e+02
5.230000e-06	8.708950e-10	2.139137e-09	4.736763e+00	5.456564e+02
5.240000e-06	8.402676e-10	2.113414e-09	4.570182e+00	5.390039e+02
5.250000e-06	8.095310e-10	2.087352e-09	4.403007e+00	5.322492e+02
5.260000e-06	7.786952e-10	2.060415e-09	4.235292e+00	5.253888e+02
5.270000e-06	7.477722e-10	2.033223e-09	4.067103e+00	5.184186e+02
5.280000e-06	7.167752e-10	2.005826e-09	3.898512e+00	5.113344e+02
5.290000e-06	6.857080e-10	1.977755e-09	3.729538e+00	5.041318e+02
5.300000e-06	6.545742e-10	1.948979e-09	3.560203e+00	4.968066e+02
5.310000e-06	6.233891e-10	1.919439e-09	3.390588e+00	4.893545e+02
5.320000e-06	5.921481e-10	1.889187e-09	3.220669e+00	4.817719e+02
5.330000e-06	5.608493e-10	1.858623e-09	3.050436e+00	4.740557e+02
5.340000e-06	5.295006e-10	1.827872e-09	2.879931e+00	4.662033e+02
5.350000e-06	4.981069e-10	1.796764e-09	2.709183e+00	4.582133e+02
5.360000e-06	4.666726e-10	1.765264e-09	2.538212e+00	4.500849e+02
5.370000e-06	4.352041e-10	1.733318e-09	2.367056e+00	4.418185e+02
5.380000e-06	4.037013e-10	1.700358e-09	2.195713e+00	4.334150e+02
5.390000e-06	3.721654e-10	1.666475e-09	2.024190e+00	4.248763e+02
5.400000e-06	3.406011e-10	1.632300e-09	1.852513e+00	4.162047e+02
5.410000e-06	3.090129e-10	1.597810e-09	1.680706e+00	4.074027e+02
5.420000e-06	2.774094e-10	1.562921e-09	1.508815e+00	3.984731e+02
5.430000e-06	2.457938e-10	1.527582e-09	1.336859e+00	3.894186e+02
5.440000e-06	2.141672e-10	1.491921e-09	1.164842e+00	3.802416e+02
5.450000e-06	1.825332e-10	1.455926e-09	9.927857e-01	3.709440e+02
5.460000e-06	1.508943e-10	1.419333e-09	8.207026e-01	3.615270e+02
5.470000e-06	1.192504e-10	1.382134e-09	6.485926e-01	3.519916e+02
5.480000e-06	8.759519e-11	1.344550e-09	4.764206e-01	3.423378e+02
5.490000e-06	5.593183e-11	1.306546e-09	3.042045e-01	3.325653e+02
5.500000e-06	2.426396e-11	1.267945e-09	1.319638e-01	3.226735e+02
5.510000e-06	-7.409221e-12	1.228685e-09	-4.030582e-02	3.126614e+02
5.520000e-06	-3.908279e-11	1.188640e-09	-2.125775e-01	3.025282e+02
5.530000e-06	-7.075388e-11	1.148125e-09	-3.848357e-01	2.922733e+02
5.540000e-06	-1.024181e-10	1.107742e-09	-5.570568e-01	2.818964e+02
5.550000e-06	-1.340727e-10	1.067266e-09	-7.292252e-01	2.713980e+02
5.560000e-06	-1.657138e-10	1.025851e-09	-9.013205e-01	2.607792e+02
5.570000e-06	-1.973399e-10	9.835703e-10	-1.073334e+00	2.500420e+02
5.580000e-06	-2.289523e-10	9.412481e-10	-1.245273e+00	2.391892e+02
5.590000e-06	-2.605445e-10	8.986858e-10	-1.417102e+00	2.282245e+02
5.600000e-06	-2.921171e-10	8.552188e-10	-1.588824e+00	2.171524e+02
5.610000e-06	-3.236706e-10	8.109059e-10	-1.760443e+00	2.059779e+02
5.620000e-06	-3.551995e-10	7.661385e-10	-1.931928e+00	1.947067e+02
5.630000e-06	-3.867035e-10	7.212011e-10	-2.103277e+00	1.833445e+02
5.640000e-06	-4.181845e-10	6.762370e-10	-2.274502e+00	1.718976e+02
5.650000e-06	-4.496356e-10	6.311892e-10	-2.445563e+00	1.603720e+02
5.660000e-06	-4.810505e-10	5.857569e-10	-2.616428e+00	1.487738e+02
5.670000e-06	-5.124237e-10	5.399188e-10	-2.787066e+00	1.371087e+02
5.680000e-06	-5.437499e-10	4.938986e-10	-2.957448e+00	1.253823e+02
5.690000e-06	-5.750244e-10	4.476883e-10	-3.127549e+00	1.136001e+02
5.700000e-06	-6.062373e-10	4.011216e-10	-3.297315e+00	1.017670e+02
5.710000e-06	-6.373876e-10	3.541585e-10	-3.466740e+00	8.988818e+01
5.720000e-06	-6.684676e-10	3.070426e-10	-3.635783e+00	7.796837e+01
5.730000e-06	-6.994674e-10	2.601753e-10	-3.804390e+00	6.601246e+01
5.740000e-06	-7.303869e-10	2.132769e-10	-3.972560e+00	5.402535e+01
5.750000e-06	-7.612225e-10	1.659048e-10	-4.140273e+00	4.201208e+01
5.760000e-06	-7.919740e-10	1.183378e-10	-4.307529e+00	2.997782e+01
5.770000e-06	-8.226350e-10	7.100557e-11	-4.474293e+00	1.792794e+01
5.780000e-06	-8.531974e-10	2.411269e-11	-4.640521e+00	5.867943e+00
5.790000e-06	-8.836546e-10	-2.298678e-11	-4.806177e+00	-6.196534e+00
5.800000e-06	-9.139928e-10	-7.101702e-11	-4.971185e+00	-1.825982e+01
5.810000e-06	-9.442010e-10	-1.192917e-10	-5.135485e+00	-3.031628e+01
5.820000e-06	-9.742719e-10	-1.669635e-10	-5.299040e+00	-4.236040e+01
5.830000e-06	-1.004202e-09	-2.141929e-10	-5.461827e+00	-5.438688e+01
5.840000e-06	-1.033992e-09	-2.611133e-10	-5.623853e+00	-6.639070e+01
5.850000e-06	-1.063630e-09	-3.079930e-10	-5.785057e+00	-7.836721e+01
5.860000e-06	-1.093112e-09	-3.550262e-10	-5.945404e+00	-9.031214e+01
5.870000e-06	-1.122443e-09	-4.017660e-10	-6.104934e+00	-1.022217e+02
5.880000e-06	-1.151628e-09	-4.482996e-10	-6.263669e+00	-1.140923e+02
5.890000e-06	-1.180668e-09	-4.953108e-10	-6.421622e+00	-1.259210e+02
5.900000e-06	-1.209576e-09	-5.427778e-10	-6.578846e+00	-1.377050e+02
5.910000e-06	-1.238356e-09	-5.897425e-10	-6.735382e+00	-1.494418e+02
5.920000e-06	-1.267012e-09	-6.355300e-10	-6.891242e+00	-1.611293e+02
5.930000e-06	-1.295555e-09	-6.805096e-10	-7.046484e+00	-1.727652e+02
5.940000e-06	-1.323998e-09	-7.256775e-10	-7.201184e+00	-1.843476e+02
5.950000e-06	-1.352352e-09	-7.712355e-10	-7.355405e+00	-1.958746e+02
5.960000e-06	-1.380622e-09	-8.164908e-10	-7.509160e+00	-2.073442e+02
5.970000e-06	-1.408820e-09	-8.612416e-10	-7.662532e+00	-2.187546e+02
5.980000e-06	-1.436960e-09	-9.059962e-10	-7.815583e+00	-2.301038e+02
5.990000e-06	-1.465048e-09	-9.509013e-10	-7.968352e+00	-2.413900e+02
6.000000e-06	-1.493093e-09	-9.955129e-10	-8.120890e+00	-2.526115e+02
6.010000e-06	-1.521099e-09	-1.039505e-09	-8.273214e+00	-2.637663e+02
6.020000e-06	-1.549068e-09	-1.082736e-09	-8.425336e+00	-2.748528e+02
6.030000e-06	-1.576998e-09	-1.125400e-09	-8.577248e+00	-2.858692e+02
6.040000e-06	-1.604880e-09	-1.168282e-09	-8.728897e+00	-2.968138e+02
6.050000e-06	-1.632703e-09	-1.211627e-09	-8.880227e+00	-3.076851e+02
6.060000e-06	-1.660456e-09	-1.254403e-09	-9.031174e+00	-3.184812e+02
6.070000e-06	-1.688124e-09	-1.296295e-09	-9.181659e+00	-3.292005e+02
6.080000e-06	-1.715688e-09	-1.337952e-09	-9.331580e+00	-3.398412e+02
6.090000e-06	-1.743129e-09	-1.379393e-09	-9.480832e+00	-3.504014e+02
6.100000e-06	-1.770431e-09	-1.420516e-09	-9.629322e+00	-3.608792e+02
6.110000e-06	-1.797575e-09	-1.461262e-09	-9.776958e+00	-3.712725e+02
6.120000e-06	-1.824556e-09	-1.501582e-09	-9.923709e+00	-3.815790e+02
6.130000e-06	-1.851375e-09	-1.541688e-09	-1.006958e+01	-3.917967e+02
6.140000e-06	-1.878034e-09	-1.581615e-09	-1.021457e+01	-4.019233e+02
6.150000e-06	-1.904543e-09	-1.621087e-09	-1.035876e+01	-4.119566e+02
6.160000e-06	-1.930913e-09	-1.659612e-09	-1.050218e+01	-4.218947e+02
6.170000e-06	-1.957149e-09	-1.697230e-09	-1.064488e+01	-4.317354e+02
6.180000e-06	-1.983261e-09	-1.734979e-09	-1.078690e+01	-4.414771e+02
6.190000e-06	-2.009252e-09	-1.773195e-09	-1.092826e+01	-4.511182e+02
6.200000e-06	-2.035116e-09	-1.811038e-09	-1.106894e+01	-4.606573e+02
6.210000e-06	-2.060849e-09	-1.848088e-09	-1.120890e+01	-4.700932e+02
6.220000e-06	-2.086438e-09	-1.884447e-09	-1.134808e+01	-4.794248e+02
6.230000e-06	-2.111865e-09	-1.920308e-09	-1.148637e+01	-4.886509e+02
6.240000e-06	-2.137117e-09	-1.956126e-09	-1.162372e+01	-4.977704e+02
6.250000e-06	-2.162186e-09	-1.991738e-09	-1.176007e+01	-5.067822e+02
6.260000e-06	-2.187069e-09	-2.026521e-09	-1.189541e+01	-5.156846e+02
6.270000e-06	-2.211770e-09	-2.060737e-09	-1.202976e+01	-5.244760e+02
6.280000e-06	-2.236307e-09	-2.095028e-09	-1.216321e+01	-5.331544e+02
6.290000e-06	-2.260694e-09	-2.129169e-09	-1.229585e+01	-5.417172e+02
6.300000e-06	-2.284960e-09	-2.162470e-09	-1.242783e+01	-5.501619e+02
6.310000e-06	-2.309126e-09	-2.194836e-09	-1.255927e+01	-5.584856e+02
6.320000e-06	-2.333208e-09	-2.226659e-09	-1.269025e+01	-5.666853e+02
6.330000e-06	-2.357219e-09	-2.258434e-09	-1.282084e+01	-5.747581e+02
6.340000e-06	-2.381159e-09	-2.290131e-09	-1.295106e+01	-5.827013e+02
6.350000e-06	-2.405019e-09	-2.321078e-09	-1.308083e+01	-5.905125e+02
6.360000e-06	-2.428776e-09	-2.350865e-09	-1.321004e+01	-5.981901e+02
6.370000e-06	-2.452399e-09	-2.379974e-09	-1.333853e+01	-6.057329e+02
6.380000e-06	-2.475849e-09	-2.409206e-09	-1.346607e+01	-6.131407e+02
6.390000e-06	-2.499093e-09	-2.438281e-09	-1.359249e+01	-6.204142e+02
6.400000e-06	-2.522101e-09	-2.466467e-09	-1.371763e+01	-6.275548e+02
6.410000e-06	-2.544840e-09	-2.493644e-09	-1.384131e+01	-6.345648e+02
6.420000e-06	-2.567279e-09	-2.520335e-09	-1.396336e+01	-6.414475e+02
6.430000e-06	-2.589396e-09	-2.547308e-09	-1.408365e+01	-6.482064e+02
6.440000e-06	-2.611172e-09	-2.574113e-09	-1.420209e+01	-6.548455e+02
6.450000e-06	-2.632615e-09	-2.599593e-09	-1.431872e+01	-6.613691e+02
6.460000e-06	-2.653741e-09	-2.624055e-09	-1.443362e+01	-6.677812e+02
6.470000e-06	-2.674576e-09	-2.648453e-09	-1.454694e+01	-6.740858e+02
6.480000e-06	-2.695163e-09	-2.672697e-09	-1.465891e+01	-6.802863e+02
6.490000e-06	-2.715548e-09	-2.696431e-09	-1.476979e+01	-6.863855e+02
6.500000e-06	-2.735784e-09	-2.719586e-09	-1.487985e+01	-6.923854e+02
6.510000e-06	-2.755905e-09	-2.742417e-09	-1.498929e+01	-6.982875e+02
6.520000e-06	-2.775935e-09	-2.765217e-09	-1.509823e+01	-7.040924e+02
6.530000e-06	-2.795881e-09	-2.788036e-09	-1.520671e+01	-7.098001e+02
6.540000e-06	-2.815729e-09	-2.810313e-09	-1.531467e+01	-7.154103e+02
6.550000e-06	-2.835450e-09	-2.831352e-09	-1.542193e+01	-7.209220e+02
6.560000e-06	-2.855009e-09	-2.851687e-09	-1.552831e+01	-7.263342e+02
6.570000e-06	-2.874372e-09	-2.872094e-09	-1.563363e+01	-7.316459e+02
6.580000e-06	-2.893512e-09	-2.892438e-09	-1.573773e+01	-7.368560e+02
6.590000e-06	-2.912416e-09	-2.912530e-09	-1.584054e+01	-7.419639e+02
6.600000e-06	-2.931090e-09	-2.932200e-09	-1.594211e+01	-7.469691e+02
6.610000e-06	-2.949553e-09	-2.951478e-09	-1.604253e+01	-7.518716e+02
6.620000e-06	-2.967827e-09	-2.970557e-09	-1.614193e+01	-7.566717e+02
6.630000e-06	-2.985933e-09	-2.989256e-09	-1.624040e+01	-7.613701e+02
6.640000e-06	-3.003872e-09	-3.007433e-09	-1.633797e+01	-7.659675e+02
6.650000e-06	-3.021633e-09	-3.024902e-09	-1.643457e+01	-7.704650e+02
6.660000e-06	-3.039197e-09	-3.041916e-09	-1.653010e+01	-7.748637e+02
6.670000e-06	-3.056535e-09	-3.058940e-09	-1.662440e+01	-7.791646e+02
6.680000e-06	-3.073628e-09	-3.075903e-09	-1.671737e+01	-7.833688e+02
6.690000e-06	-3.090478e-09	-3.092273e-09	-1.680902e+01	-7.874770e+02
6.700000e-06	-3.107099e-09	-3.107910e-09	-1.689942e+01	-7.914899e+02
6.710000e-06	-3.123519e-09	-3.123504e-09	-1.698873e+01	-7.954082e+02
6.720000e-06	-3.139778e-09	-3.139095e-09	-1.707716e+01	-7.992324e+02
6.730000e-06	-3.155905e-09	-3.154139e-09	-1.716488e+01	-8.029632e+02
6.740000e-06	-3.171911e-09	-3.168510e-09	-1.725193e+01	-8.066013e+02
6.750000e-06	-3.187785e-09	-3.182312e-09	-1.733827e+01	-8.101478e+02
6.760000e-06	-3.203489e-09	-3.195590e-09	-1.742369e+01	-8.136039e+02
6.770000e-06	-3.218963e-09	-3.208672e-09	-1.750784e+01	-8.169717e+02
6.780000e-06	-3.234127e-09	-3.222058e-09	-1.759032e+01	-8.202532e+02
6.790000e-06	-3.248917e-09	-3.235332e-09	-1.767076e+01	-8.234513e+02
6.800000e-06	-3.263295e-09	-3.247835e-09	-1.774896e+01	-8.265690e+02
6.810000e-06	-3.277244e-09	-3.259652e-09	-1.782484e+01	-8.296100e+02
6.820000e-06	-3.290778e-09	-3.270962e-09	-1.789844e+01	-8.325780e+02
6.830000e-06	-3.303936e-09	-3.281898e-09	-1.797001e+01	-8.354768e+02
6.840000e-06	-3.316772e-09	-3.292699e-09	-1.803982e+01	-8.383102e+02
6.850000e-06	-3.329330e-09	-3.303445e-09	-1.810813e+01	-8.410819e+02
6.860000e-06	-3.341657e-09	-3.314092e-09	-1.817518e+01	-8.437951e+02
6.870000e-06	-3.353786e-09	-3.324631e-09	-1.824114e+01	-8.464528e+02
6.880000e-06	-3.365723e-09	-3.334777e-09	-1.830607e+01	-8.490573e+02
6.890000e-06	-3.377450e-09	-3.344263e-09	-1.836985e+01	-8.516107e+02
6.900000e-06	-3.388934e-09	-3.353430e-09	-1.843231e+01	-8.541145e+02
6.910000e-06	-3.400149e-09	-3.362704e-09	-1.849331e+01	-8.565695e+02
6.920000e-06	-3.411087e-09	-3.372162e-09	-1.855280e+01	-8.589768e+02
6.930000e-06	-3.421754e-09	-3.381573e-09	-1.861082e+01	-8.613367e+02
6.940000e-06	-3.432181e-09	-3.390563e-09	-1.866753e+01	-8.636497e+02
6.950000e-06	-3.442396e-09	-3.398994e-09	-1.872309e+01	-8.659164e+02
6.960000e-06	-3.452411e-09	-3.407081e-09	-1.877756e+01	-8.681372e+02
6.970000e-06	-3.462223e-09	-3.415127e-09	-1.883093e+01	-8.703131e+02
6.980000e-06	-3.471807e-09	-3.423133e-09	-1.888306e+01	-8.724448e+02
6.990000e-06	-3.481140e-09	-3.430934e-09	-1.893382e+01	-8.745334e+02
7.000000e-06	-3.490200e-09	-3.438596e-09	-1.898309e+01	-8.765803e+02
7.010000e-06	-3.498986e-09	-3.446425e-09	-1.903088e+01	-8.785866e+02
7.020000e-06	-3.507525e-09	-3.454458e-09	-1.907733e+01	-8.805535e+02
7.030000e-06	-3.515862e-09	-3.462163e-09	-1.912267e+01	-8.824820e+02
7.040000e-06	-3.524039e-09	-3.469227e-09	-1.916715e+01	-8.843727e+02
7.050000e-06	-3.532082e-09	-3.476018e-09	-1.921089e+01	-8.862261e+02
7.060000e-06	-3.539990e-09	-3.482938e-09	-1.925390e+01	-8.880419e+02
7.070000e-06	-3.547736e-09	-3.489944e-09	-1.929603e+01	-8.898196e+02
7.080000e-06	-3.555272e-09	-3.496716e-09	-1.933702e+01	-8.915582e+02
7.090000e-06	-3.562540e-09	-3.503032e-09	-1.937655e+01	-8.932566e+02
7.100000e-06	-3.569479e-09	-3.508958e-09	-1.941429e+01	-8.949131e+02
7.110000e-06	-3.576038e-09	-3.514648e-09	-1.944997e+01	-8.965262e+02
7.120000e-06	-3.582181e-09	-3.520368e-09	-1.948338e+01	-8.980944e+02
7.130000e-06	-3.587894e-09	-3.526348e-09	-1.951445e+01	-8.996164e+02
7.140000e-06	-3.593188e-09	-3.532383e-09	-1.954324e+01	-9.010913e+02
7.150000e-06	-3.598106e-09	-3.538047e-09	-1.956999e+01	-9.025185e+02
7.160000e-06	-3.602710e-09	-3.543523e-09	-1.959503e+01	-9.038983e+02
7.170000e-06	-3.607071e-09	-3.548924e-09	-1.961875e+01	-9.052311e+02
7.180000e-06	-3.611257e-09	-3.553957e-09	-1.964152e+01	-9.065180e+02
7.190000e-06	-3.615302e-09	-3.558606e-09	-1.966352e+01	-9.077606e+02
7.200000e-06	-3.619207e-09	-3.563011e-09	-1.968476e+01	-9.089605e+02
7.210000e-06	-3.622947e-09	-3.567523e-09	-1.970510e+01	-9.101195e+02
7.220000e-06	-3.626481e-09	-3.572436e-09	-1.972432e+01	-9.112394e+02
7.230000e-06	-3.629766e-09	-3.577417e-09	-1.974219e+01	-9.123215e+02
7.240000e-06	-3.632771e-09	-3.581578e-09	-1.975854e+01	-9.133670e+02
7.250000e-06	-3.635498e-09	-3.584920e-09	-1.977336e+01	-9.143761e+02
7.260000e-06	-3.637969e-09	-3.588491e-09	-1.978681e+01	-9.153489e+02
7.270000e-06	-3.640225e-09	-3.592423e-09	-1.979908e+01	-9.162845e+02
7.280000e-06	-3.642289e-09	-3.596208e-09	-1.981030e+01	-9.171816e+02
7.290000e-06	-3.644157e-09	-3.599956e-09	-1.982047e+01	-9.180382e+02
7.300000e-06	-3.645772e-09	-3.603601e-09	-1.982925e+01	-9.188523e+02
7.310000e-06	-3.647040e-09	-3.606772e-09	-1.983615e+01	-9.196216e+02
7.320000e-06	-3.648012e-09	-3.609740e-09	-1.984143e+01	-9.203439e+02
7.330000e-06	-3.648759e-09	-3.612684e-09	-1.984549e+01	-9.210171e+02
7.340000e-06	-3.649276e-09	-3.615314e-09	-1.984830e+01	-9.216398e+02
