# Temperatura_=_1.1669230769230772
# Concentracion g/m^3_=_19900.0
# C_Vs_to_Am_M_A/Vsm_=_254322799225.57578
# pendiente_HvsI_1/m_=_3716.3
# ordenada_HvsI_A/m_=_1297.0
# frecuencia_Hz_=_136073.28562281805
# Promedio de 520 ciclos

Tiempo_(s)	Campo_(V.s)	Magnetizacion_(V.s)	Campo_(kA/m)	Magnetizacion_(A/m)
0.000000e+00	-3.668554e-09	-3.640726e-09	-1.987393e+01	-9.277237e+02
1.000000e-08	-3.668761e-09	-3.642727e-09	-1.987504e+01	-9.282420e+02
2.000000e-08	-3.668811e-09	-3.644036e-09	-1.987532e+01	-9.287176e+02
3.000000e-08	-3.668655e-09	-3.646025e-09	-1.987447e+01	-9.291514e+02
4.000000e-08	-3.668201e-09	-3.650080e-09	-1.987201e+01	-9.295447e+02
5.000000e-08	-3.667363e-09	-3.653410e-09	-1.986747e+01	-9.298985e+02
6.000000e-08	-3.666118e-09	-3.650480e-09	-1.986073e+01	-9.302136e+02
7.000000e-08	-3.664498e-09	-3.641316e-09	-1.985195e+01	-9.304910e+02
8.000000e-08	-3.662539e-09	-3.637639e-09	-1.984134e+01	-9.307311e+02
9.000000e-08	-3.660252e-09	-3.648109e-09	-1.982895e+01	-9.309343e+02
1.000000e-07	-3.657627e-09	-3.659420e-09	-1.981473e+01	-9.311007e+02
1.100000e-07	-3.654669e-09	-3.659694e-09	-1.979871e+01	-9.312301e+02
1.200000e-07	-3.651414e-09	-3.659663e-09	-1.978108e+01	-9.313223e+02
1.300000e-07	-3.647906e-09	-3.665234e-09	-1.976207e+01	-9.313767e+02
1.400000e-07	-3.644182e-09	-3.663101e-09	-1.974190e+01	-9.313929e+02
1.500000e-07	-3.640266e-09	-3.651545e-09	-1.972068e+01	-9.313702e+02
1.600000e-07	-3.636168e-09	-3.643012e-09	-1.969848e+01	-9.313080e+02
1.700000e-07	-3.631907e-09	-3.645418e-09	-1.967540e+01	-9.312059e+02
1.800000e-07	-3.627469e-09	-3.655355e-09	-1.965136e+01	-9.310635e+02
1.900000e-07	-3.622797e-09	-3.660911e-09	-1.962605e+01	-9.308807e+02
2.000000e-07	-3.617832e-09	-3.655262e-09	-1.959915e+01	-9.306576e+02
2.100000e-07	-3.612557e-09	-3.651906e-09	-1.957057e+01	-9.303943e+02
2.200000e-07	-3.607009e-09	-3.656150e-09	-1.954052e+01	-9.300914e+02
2.300000e-07	-3.601224e-09	-3.653500e-09	-1.950918e+01	-9.297495e+02
2.400000e-07	-3.595193e-09	-3.642324e-09	-1.947651e+01	-9.293694e+02
2.500000e-07	-3.588893e-09	-3.637605e-09	-1.944237e+01	-9.289521e+02
2.600000e-07	-3.582311e-09	-3.646461e-09	-1.940672e+01	-9.284984e+02
2.700000e-07	-3.575451e-09	-3.654500e-09	-1.936955e+01	-9.280093e+02
2.800000e-07	-3.568322e-09	-3.648978e-09	-1.933093e+01	-9.274858e+02
2.900000e-07	-3.560952e-09	-3.637468e-09	-1.929100e+01	-9.269285e+02
3.000000e-07	-3.553388e-09	-3.635009e-09	-1.925003e+01	-9.263383e+02
3.100000e-07	-3.545670e-09	-3.637032e-09	-1.920822e+01	-9.257155e+02
3.200000e-07	-3.537806e-09	-3.633081e-09	-1.916562e+01	-9.250605e+02
3.300000e-07	-3.529781e-09	-3.628221e-09	-1.912214e+01	-9.243734e+02
3.400000e-07	-3.521537e-09	-3.630276e-09	-1.907748e+01	-9.236542e+02
3.500000e-07	-3.513005e-09	-3.632577e-09	-1.903126e+01	-9.229027e+02
3.600000e-07	-3.504116e-09	-3.628023e-09	-1.898311e+01	-9.221186e+02
3.700000e-07	-3.494828e-09	-3.619630e-09	-1.893279e+01	-9.213014e+02
3.800000e-07	-3.485131e-09	-3.613492e-09	-1.888026e+01	-9.204508e+02
3.900000e-07	-3.475032e-09	-3.611239e-09	-1.882555e+01	-9.195663e+02
4.000000e-07	-3.464543e-09	-3.610477e-09	-1.876873e+01	-9.186476e+02
4.100000e-07	-3.453683e-09	-3.609377e-09	-1.870990e+01	-9.176942e+02
4.200000e-07	-3.442495e-09	-3.606822e-09	-1.864929e+01	-9.167061e+02
4.300000e-07	-3.431034e-09	-3.601956e-09	-1.858720e+01	-9.156831e+02
4.400000e-07	-3.419339e-09	-3.596327e-09	-1.852384e+01	-9.146252e+02
4.500000e-07	-3.407431e-09	-3.591599e-09	-1.845933e+01	-9.135327e+02
4.600000e-07	-3.395309e-09	-3.586062e-09	-1.839366e+01	-9.124056e+02
4.700000e-07	-3.382950e-09	-3.580150e-09	-1.832671e+01	-9.112445e+02
4.800000e-07	-3.370323e-09	-3.577337e-09	-1.825830e+01	-9.100496e+02
4.900000e-07	-3.357413e-09	-3.576689e-09	-1.818836e+01	-9.088214e+02
5.000000e-07	-3.344222e-09	-3.572368e-09	-1.811690e+01	-9.075601e+02
5.100000e-07	-3.330778e-09	-3.564289e-09	-1.804407e+01	-9.062661e+02
5.200000e-07	-3.317105e-09	-3.557522e-09	-1.797000e+01	-9.049397e+02
5.300000e-07	-3.303213e-09	-3.553091e-09	-1.789474e+01	-9.035809e+02
5.400000e-07	-3.289081e-09	-3.547648e-09	-1.781818e+01	-9.021897e+02
5.500000e-07	-3.274664e-09	-3.541692e-09	-1.774008e+01	-9.007661e+02
5.600000e-07	-3.259915e-09	-3.537721e-09	-1.766018e+01	-8.993097e+02
5.700000e-07	-3.244810e-09	-3.533830e-09	-1.757835e+01	-8.978204e+02
5.800000e-07	-3.229347e-09	-3.527148e-09	-1.749458e+01	-8.962977e+02
5.900000e-07	-3.213534e-09	-3.519498e-09	-1.740892e+01	-8.947413e+02
6.000000e-07	-3.197402e-09	-3.512602e-09	-1.732153e+01	-8.931510e+02
6.100000e-07	-3.181001e-09	-3.505564e-09	-1.723268e+01	-8.915265e+02
6.200000e-07	-3.164364e-09	-3.498781e-09	-1.714255e+01	-8.898676e+02
6.300000e-07	-3.147524e-09	-3.493253e-09	-1.705132e+01	-8.881743e+02
6.400000e-07	-3.130499e-09	-3.487410e-09	-1.695909e+01	-8.864466e+02
6.500000e-07	-3.113297e-09	-3.480179e-09	-1.686590e+01	-8.846848e+02
6.600000e-07	-3.095930e-09	-3.472609e-09	-1.677182e+01	-8.828891e+02
6.700000e-07	-3.078393e-09	-3.465106e-09	-1.667681e+01	-8.810599e+02
6.800000e-07	-3.060677e-09	-3.457196e-09	-1.658084e+01	-8.791975e+02
6.900000e-07	-3.042756e-09	-3.449656e-09	-1.648376e+01	-8.773021e+02
7.000000e-07	-3.024593e-09	-3.443177e-09	-1.638536e+01	-8.753739e+02
7.100000e-07	-3.006165e-09	-3.436310e-09	-1.628553e+01	-8.734128e+02
7.200000e-07	-2.987465e-09	-3.428080e-09	-1.618422e+01	-8.714186e+02
7.300000e-07	-2.968495e-09	-3.419644e-09	-1.608146e+01	-8.693907e+02
7.400000e-07	-2.949278e-09	-3.411583e-09	-1.597735e+01	-8.673284e+02
7.500000e-07	-2.929858e-09	-3.403019e-09	-1.587215e+01	-8.652308e+02
7.600000e-07	-2.910282e-09	-3.394136e-09	-1.576609e+01	-8.630964e+02
7.700000e-07	-2.890585e-09	-3.385788e-09	-1.565939e+01	-8.609240e+02
7.800000e-07	-2.870795e-09	-3.377717e-09	-1.555217e+01	-8.587121e+02
7.900000e-07	-2.850918e-09	-3.369266e-09	-1.544450e+01	-8.564591e+02
8.000000e-07	-2.830946e-09	-3.360486e-09	-1.533630e+01	-8.541637e+02
8.100000e-07	-2.810856e-09	-3.351219e-09	-1.522746e+01	-8.518247e+02
8.200000e-07	-2.790614e-09	-3.341683e-09	-1.511781e+01	-8.494411e+02
8.300000e-07	-2.770188e-09	-3.332425e-09	-1.500715e+01	-8.470124e+02
8.400000e-07	-2.749545e-09	-3.323183e-09	-1.489532e+01	-8.445384e+02
8.500000e-07	-2.728667e-09	-3.313378e-09	-1.478222e+01	-8.420194e+02
8.600000e-07	-2.707562e-09	-3.303341e-09	-1.466788e+01	-8.394558e+02
8.700000e-07	-2.686241e-09	-3.293361e-09	-1.455238e+01	-8.368487e+02
8.800000e-07	-2.664721e-09	-3.283162e-09	-1.443580e+01	-8.341993e+02
8.900000e-07	-2.643027e-09	-3.272620e-09	-1.431827e+01	-8.315089e+02
9.000000e-07	-2.621166e-09	-3.262067e-09	-1.419984e+01	-8.287789e+02
9.100000e-07	-2.599134e-09	-3.251307e-09	-1.408049e+01	-8.260106e+02
9.200000e-07	-2.576931e-09	-3.240296e-09	-1.396020e+01	-8.232052e+02
9.300000e-07	-2.554550e-09	-3.229432e-09	-1.383896e+01	-8.203636e+02
9.400000e-07	-2.531988e-09	-3.218713e-09	-1.371673e+01	-8.174860e+02
9.500000e-07	-2.509239e-09	-3.207693e-09	-1.359349e+01	-8.145727e+02
9.600000e-07	-2.486292e-09	-3.196200e-09	-1.346918e+01	-8.116233e+02
9.700000e-07	-2.463145e-09	-3.184418e-09	-1.334378e+01	-8.086369e+02
9.800000e-07	-2.439815e-09	-3.172382e-09	-1.321740e+01	-8.056126e+02
9.900000e-07	-2.416328e-09	-3.160311e-09	-1.309016e+01	-8.025490e+02
1.000000e-06	-2.392710e-09	-3.148427e-09	-1.296221e+01	-7.994446e+02
1.010000e-06	-2.368981e-09	-3.136491e-09	-1.283366e+01	-7.962980e+02
1.020000e-06	-2.345149e-09	-3.124216e-09	-1.270455e+01	-7.931079e+02
1.030000e-06	-2.321213e-09	-3.111866e-09	-1.257488e+01	-7.898733e+02
1.040000e-06	-2.297164e-09	-3.099497e-09	-1.244460e+01	-7.865933e+02
1.050000e-06	-2.272983e-09	-3.086658e-09	-1.231360e+01	-7.832677e+02
1.060000e-06	-2.248653e-09	-3.073204e-09	-1.218180e+01	-7.798963e+02
1.070000e-06	-2.224157e-09	-3.059524e-09	-1.204909e+01	-7.764797e+02
1.080000e-06	-2.199466e-09	-3.046093e-09	-1.191534e+01	-7.730185e+02
1.090000e-06	-2.174555e-09	-3.033073e-09	-1.178038e+01	-7.695134e+02
1.100000e-06	-2.149402e-09	-3.019782e-09	-1.164412e+01	-7.659653e+02
1.110000e-06	-2.123993e-09	-3.005622e-09	-1.150647e+01	-7.623751e+02
1.120000e-06	-2.098314e-09	-2.990945e-09	-1.136736e+01	-7.587432e+02
1.130000e-06	-2.072356e-09	-2.976491e-09	-1.122674e+01	-7.550698e+02
1.140000e-06	-2.046116e-09	-2.962361e-09	-1.108459e+01	-7.513546e+02
1.150000e-06	-2.019593e-09	-2.948238e-09	-1.094090e+01	-7.475968e+02
1.160000e-06	-1.992812e-09	-2.933689e-09	-1.079582e+01	-7.437949e+02
1.170000e-06	-1.965808e-09	-2.918571e-09	-1.064953e+01	-7.399469e+02
1.180000e-06	-1.938613e-09	-2.903508e-09	-1.050221e+01	-7.360505e+02
1.190000e-06	-1.911258e-09	-2.888758e-09	-1.035402e+01	-7.321027e+02
1.200000e-06	-1.883773e-09	-2.873607e-09	-1.020512e+01	-7.281007e+02
1.210000e-06	-1.856188e-09	-2.857756e-09	-1.005568e+01	-7.240413e+02
1.220000e-06	-1.828524e-09	-2.841497e-09	-9.905815e+00	-7.199217e+02
1.230000e-06	-1.800798e-09	-2.824857e-09	-9.755609e+00	-7.157394e+02
1.240000e-06	-1.773019e-09	-2.807846e-09	-9.605118e+00	-7.114921e+02
1.250000e-06	-1.745193e-09	-2.790646e-09	-9.454377e+00	-7.071784e+02
1.260000e-06	-1.717321e-09	-2.773128e-09	-9.303383e+00	-7.027974e+02
1.270000e-06	-1.689396e-09	-2.755332e-09	-9.152099e+00	-6.983486e+02
1.280000e-06	-1.661409e-09	-2.737771e-09	-9.000483e+00	-6.938325e+02
1.290000e-06	-1.633349e-09	-2.720250e-09	-8.848472e+00	-6.892499e+02
1.300000e-06	-1.605200e-09	-2.701941e-09	-8.695978e+00	-6.846018e+02
1.310000e-06	-1.576950e-09	-2.682964e-09	-8.542936e+00	-6.798898e+02
1.320000e-06	-1.548590e-09	-2.663848e-09	-8.389302e+00	-6.751152e+02
1.330000e-06	-1.520114e-09	-2.644408e-09	-8.235037e+00	-6.702794e+02
1.340000e-06	-1.491518e-09	-2.624756e-09	-8.080118e+00	-6.653832e+02
1.350000e-06	-1.462796e-09	-2.605125e-09	-7.924525e+00	-6.604272e+02
1.360000e-06	-1.433953e-09	-2.585405e-09	-7.768270e+00	-6.554114e+02
1.370000e-06	-1.404991e-09	-2.565576e-09	-7.611373e+00	-6.503352e+02
1.380000e-06	-1.375908e-09	-2.545551e-09	-7.453819e+00	-6.451974e+02
1.390000e-06	-1.346709e-09	-2.524706e-09	-7.295635e+00	-6.399961e+02
1.400000e-06	-1.317399e-09	-2.503006e-09	-7.136857e+00	-6.347292e+02
1.410000e-06	-1.287989e-09	-2.481171e-09	-6.977531e+00	-6.293941e+02
1.420000e-06	-1.258489e-09	-2.459519e-09	-6.817718e+00	-6.239879e+02
1.430000e-06	-1.228907e-09	-2.437705e-09	-6.657458e+00	-6.185076e+02
1.440000e-06	-1.199253e-09	-2.415566e-09	-6.496811e+00	-6.129506e+02
1.450000e-06	-1.169534e-09	-2.393348e-09	-6.335813e+00	-6.073139e+02
1.460000e-06	-1.139754e-09	-2.370736e-09	-6.174480e+00	-6.015951e+02
1.470000e-06	-1.109919e-09	-2.347525e-09	-6.012856e+00	-5.957920e+02
1.480000e-06	-1.080036e-09	-2.324045e-09	-5.850967e+00	-5.899025e+02
1.490000e-06	-1.050102e-09	-2.300182e-09	-5.688805e+00	-5.839250e+02
1.500000e-06	-1.020118e-09	-2.275860e-09	-5.526370e+00	-5.778578e+02
1.510000e-06	-9.900855e-10	-2.251520e-09	-5.363670e+00	-5.716995e+02
1.520000e-06	-9.600000e-10	-2.227199e-09	-5.200685e+00	-5.654485e+02
1.530000e-06	-9.298563e-10	-2.202420e-09	-5.037385e+00	-5.591032e+02
1.540000e-06	-8.996522e-10	-2.176826e-09	-4.873758e+00	-5.526617e+02
1.550000e-06	-8.693900e-10	-2.150651e-09	-4.709816e+00	-5.461220e+02
1.560000e-06	-8.390687e-10	-2.124294e-09	-4.545554e+00	-5.394815e+02
1.570000e-06	-8.086896e-10	-2.097732e-09	-4.380980e+00	-5.327376e+02
1.580000e-06	-7.782524e-10	-2.070591e-09	-4.216090e+00	-5.258873e+02
1.590000e-06	-7.477564e-10	-2.042875e-09	-4.050882e+00	-5.189274e+02
1.600000e-06	-7.172074e-10	-2.015067e-09	-3.885387e+00	-5.118547e+02
1.610000e-06	-6.866088e-10	-1.987314e-09	-3.719624e+00	-5.046661e+02
1.620000e-06	-6.559660e-10	-1.959192e-09	-3.553620e+00	-4.973585e+02
1.630000e-06	-6.252832e-10	-1.930041e-09	-3.387401e+00	-4.899292e+02
1.640000e-06	-5.945539e-10	-1.899889e-09	-3.220929e+00	-4.823760e+02
1.650000e-06	-5.637733e-10	-1.869502e-09	-3.054179e+00	-4.746970e+02
1.660000e-06	-5.329431e-10	-1.839122e-09	-2.887161e+00	-4.668910e+02
1.670000e-06	-5.020660e-10	-1.808304e-09	-2.719889e+00	-4.589572e+02
1.680000e-06	-4.711445e-10	-1.776727e-09	-2.552376e+00	-4.508955e+02
1.690000e-06	-4.401779e-10	-1.744643e-09	-2.384619e+00	-4.427060e+02
1.700000e-06	-4.091680e-10	-1.712263e-09	-2.216627e+00	-4.343893e+02
1.710000e-06	-3.781195e-10	-1.679151e-09	-2.048427e+00	-4.259461e+02
1.720000e-06	-3.470421e-10	-1.645019e-09	-1.880069e+00	-4.173773e+02
1.730000e-06	-3.159391e-10	-1.610240e-09	-1.711573e+00	-4.086836e+02
1.740000e-06	-2.848074e-10	-1.575198e-09	-1.542921e+00	-3.998657e+02
1.750000e-06	-2.536493e-10	-1.539803e-09	-1.374127e+00	-3.909240e+02
1.760000e-06	-2.224794e-10	-1.503742e-09	-1.205268e+00	-3.818586e+02
1.770000e-06	-1.913010e-10	-1.467175e-09	-1.036363e+00	-3.726693e+02
1.780000e-06	-1.601053e-10	-1.430423e-09	-8.673649e-01	-3.633556e+02
1.790000e-06	-1.288950e-10	-1.393328e-09	-6.982870e-01	-3.539169e+02
1.800000e-06	-9.767131e-11	-1.355581e-09	-5.291371e-01	-3.443524e+02
1.810000e-06	-6.643381e-11	-1.317212e-09	-3.599120e-01	-3.346613e+02
1.820000e-06	-3.518637e-11	-1.278507e-09	-1.906332e-01	-3.248432e+02
1.830000e-06	-3.932155e-12	-1.239659e-09	-2.131761e-02	-3.148978e+02
1.840000e-06	2.732958e-11	-1.200255e-09	1.480387e-01	-3.048253e+02
1.850000e-06	5.859117e-11	-1.159866e-09	3.173942e-01	-2.946264e+02
1.860000e-06	8.984303e-11	-1.118669e-09	4.866969e-01	-2.843027e+02
1.870000e-06	1.210881e-10	-1.076906e-09	6.559627e-01	-2.738562e+02
1.880000e-06	1.523226e-10	-1.035041e-09	8.251714e-01	-2.632899e+02
1.890000e-06	1.835366e-10	-9.931087e-10	9.942694e-01	-2.526072e+02
1.900000e-06	2.147267e-10	-9.505296e-10	1.163237e+00	-2.418126e+02
1.910000e-06	2.458928e-10	-9.073783e-10	1.332075e+00	-2.309107e+02
1.920000e-06	2.770358e-10	-8.638621e-10	1.500788e+00	-2.199068e+02
1.930000e-06	3.081565e-10	-8.197548e-10	1.669380e+00	-2.088066e+02
1.940000e-06	3.392516e-10	-7.753093e-10	1.837834e+00	-1.976159e+02
1.950000e-06	3.703193e-10	-7.309142e-10	2.006138e+00	-1.863407e+02
1.960000e-06	4.013533e-10	-6.864222e-10	2.174261e+00	-1.749868e+02
1.970000e-06	4.323532e-10	-6.415540e-10	2.342199e+00	-1.635601e+02
1.980000e-06	4.633175e-10	-5.963469e-10	2.509943e+00	-1.520664e+02
1.990000e-06	4.942417e-10	-5.507621e-10	2.677471e+00	-1.405109e+02
2.000000e-06	5.251231e-10	-5.048370e-10	2.844766e+00	-1.288991e+02
2.010000e-06	5.559495e-10	-4.587760e-10	3.011764e+00	-1.172358e+02
2.020000e-06	5.867165e-10	-4.125670e-10	3.178440e+00	-1.055257e+02
2.030000e-06	6.174231e-10	-3.663607e-10	3.344788e+00	-9.377332e+01
2.040000e-06	6.480710e-10	-3.202030e-10	3.510819e+00	-8.198301e+01
2.050000e-06	6.786625e-10	-2.738149e-10	3.676545e+00	-7.015888e+01
2.060000e-06	7.091953e-10	-2.270513e-10	3.841952e+00	-5.830495e+01
2.070000e-06	7.396707e-10	-1.798874e-10	4.007049e+00	-4.642515e+01
2.080000e-06	7.700911e-10	-1.325721e-10	4.171847e+00	-3.452336e+01
2.090000e-06	8.004536e-10	-8.553864e-11	4.336332e+00	-2.260339e+01
2.100000e-06	8.307607e-10	-3.873051e-11	4.500517e+00	-1.066905e+01
2.110000e-06	8.610167e-10	8.150137e-12	4.664426e+00	1.275893e+00
2.120000e-06	8.912195e-10	5.494111e-11	4.828046e+00	1.322765e+01
2.130000e-06	9.213671e-10	1.015513e-10	4.991367e+00	2.518245e+01
2.140000e-06	9.514579e-10	1.482028e-10	5.154380e+00	3.713653e+01
2.150000e-06	9.814949e-10	1.948612e-10	5.317102e+00	4.908610e+01
2.160000e-06	1.011480e-09	2.416276e-10	5.479541e+00	6.102739e+01
2.170000e-06	1.041409e-09	2.886995e-10	5.641679e+00	7.295664e+01
2.180000e-06	1.071285e-09	3.357619e-10	5.803529e+00	8.487009e+01
2.190000e-06	1.101111e-09	3.823604e-10	5.965108e+00	9.676397e+01
2.200000e-06	1.130885e-09	4.287420e-10	6.126408e+00	1.086346e+02
2.210000e-06	1.160606e-09	4.755750e-10	6.287419e+00	1.204782e+02
2.220000e-06	1.190272e-09	5.226732e-10	6.448130e+00	1.322911e+02
2.230000e-06	1.219875e-09	5.692077e-10	6.608503e+00	1.440699e+02
2.240000e-06	1.249408e-09	6.149853e-10	6.768495e+00	1.558108e+02
2.250000e-06	1.278864e-09	6.605225e-10	6.928067e+00	1.675106e+02
2.260000e-06	1.308228e-09	7.061447e-10	7.087141e+00	1.791660e+02
2.270000e-06	1.337491e-09	7.516893e-10	7.245670e+00	1.907736e+02
2.280000e-06	1.366645e-09	7.969802e-10	7.403610e+00	2.023305e+02
2.290000e-06	1.395678e-09	8.420285e-10	7.560891e+00	2.138338e+02
2.300000e-06	1.424585e-09	8.869367e-10	7.717491e+00	2.252805e+02
2.310000e-06	1.453356e-09	9.316055e-10	7.873357e+00	2.366681e+02
2.320000e-06	1.481992e-09	9.758071e-10	8.028485e+00	2.479937e+02
2.330000e-06	1.510504e-09	1.019577e-09	8.182946e+00	2.592549e+02
2.340000e-06	1.538900e-09	1.063170e-09	8.336779e+00	2.704490e+02
2.350000e-06	1.567187e-09	1.106682e-09	8.490021e+00	2.815735e+02
2.360000e-06	1.595375e-09	1.150265e-09	8.642724e+00	2.926259e+02
2.370000e-06	1.623477e-09	1.193854e-09	8.794964e+00	3.036036e+02
2.380000e-06	1.651510e-09	1.236862e-09	8.946828e+00	3.145039e+02
2.390000e-06	1.679482e-09	1.279286e-09	9.098365e+00	3.253245e+02
2.400000e-06	1.707400e-09	1.321479e-09	9.249611e+00	3.360629e+02
2.410000e-06	1.735274e-09	1.363423e-09	9.400612e+00	3.467167e+02
2.420000e-06	1.763103e-09	1.405145e-09	9.551374e+00	3.572837e+02
2.430000e-06	1.790888e-09	1.446266e-09	9.701895e+00	3.677620e+02
2.440000e-06	1.818622e-09	1.486797e-09	9.852143e+00	3.781500e+02
2.450000e-06	1.846290e-09	1.527394e-09	1.000204e+01	3.884462e+02
2.460000e-06	1.873877e-09	1.567973e-09	1.015148e+01	3.986497e+02
2.470000e-06	1.901359e-09	1.608169e-09	1.030036e+01	4.087597e+02
2.480000e-06	1.928711e-09	1.648025e-09	1.044854e+01	4.187759e+02
2.490000e-06	1.955896e-09	1.687442e-09	1.059581e+01	4.286982e+02
2.500000e-06	1.982880e-09	1.726222e-09	1.074199e+01	4.385266e+02
2.510000e-06	2.009630e-09	1.764699e-09	1.088691e+01	4.482613e+02
2.520000e-06	2.036112e-09	1.802811e-09	1.103037e+01	4.579022e+02
2.530000e-06	2.062311e-09	1.840038e-09	1.117230e+01	4.674494e+02
2.540000e-06	2.088217e-09	1.876753e-09	1.131264e+01	4.769024e+02
2.550000e-06	2.113826e-09	1.913763e-09	1.145137e+01	4.862602e+02
2.560000e-06	2.139149e-09	1.950933e-09	1.158855e+01	4.955217e+02
2.570000e-06	2.164202e-09	1.987544e-09	1.172427e+01	5.046847e+02
2.580000e-06	2.189008e-09	2.023429e-09	1.185865e+01	5.137468e+02
2.590000e-06	2.213590e-09	2.058880e-09	1.199182e+01	5.227047e+02
2.600000e-06	2.237984e-09	2.094099e-09	1.212397e+01	5.315548e+02
2.610000e-06	2.262223e-09	2.128870e-09	1.225528e+01	5.402930e+02
2.620000e-06	2.286326e-09	2.162793e-09	1.238586e+01	5.489149e+02
2.630000e-06	2.310311e-09	2.195739e-09	1.251580e+01	5.574160e+02
2.640000e-06	2.334196e-09	2.228289e-09	1.264519e+01	5.657920e+02
2.650000e-06	2.357983e-09	2.260983e-09	1.277406e+01	5.740387e+02
2.660000e-06	2.381660e-09	2.293404e-09	1.290233e+01	5.821526e+02
2.670000e-06	2.405208e-09	2.324942e-09	1.302989e+01	5.901308e+02
2.680000e-06	2.428604e-09	2.355611e-09	1.315664e+01	5.979709e+02
2.690000e-06	2.451829e-09	2.385635e-09	1.328245e+01	6.056717e+02
2.700000e-06	2.474855e-09	2.415109e-09	1.340720e+01	6.132329e+02
2.710000e-06	2.497672e-09	2.444037e-09	1.353080e+01	6.206548e+02
2.720000e-06	2.520283e-09	2.472272e-09	1.365330e+01	6.279388e+02
2.730000e-06	2.542701e-09	2.499915e-09	1.377474e+01	6.350870e+02
2.740000e-06	2.564942e-09	2.527328e-09	1.389523e+01	6.421021e+02
2.750000e-06	2.587014e-09	2.554762e-09	1.401480e+01	6.489871e+02
2.760000e-06	2.608936e-09	2.581818e-09	1.413356e+01	6.557456e+02
2.770000e-06	2.630715e-09	2.607868e-09	1.425155e+01	6.623811e+02
2.780000e-06	2.652343e-09	2.632972e-09	1.436871e+01	6.688972e+02
2.790000e-06	2.673800e-09	2.657618e-09	1.448496e+01	6.752972e+02
2.800000e-06	2.695061e-09	2.681892e-09	1.460013e+01	6.815844e+02
2.810000e-06	2.716105e-09	2.705759e-09	1.471414e+01	6.877617e+02
2.820000e-06	2.736920e-09	2.729607e-09	1.482690e+01	6.938315e+02
2.830000e-06	2.757512e-09	2.753641e-09	1.493845e+01	6.997961e+02
2.840000e-06	2.777897e-09	2.777623e-09	1.504889e+01	7.056574e+02
2.850000e-06	2.798107e-09	2.801062e-09	1.515837e+01	7.114172e+02
2.860000e-06	2.818174e-09	2.823511e-09	1.526709e+01	7.170769e+02
2.870000e-06	2.838131e-09	2.844951e-09	1.537520e+01	7.226379e+02
2.880000e-06	2.857999e-09	2.865953e-09	1.548283e+01	7.281015e+02
2.890000e-06	2.877780e-09	2.887013e-09	1.559000e+01	7.334690e+02
2.900000e-06	2.897461e-09	2.908092e-09	1.569662e+01	7.387415e+02
2.910000e-06	2.917016e-09	2.929043e-09	1.580255e+01	7.439202e+02
2.920000e-06	2.936411e-09	2.949619e-09	1.590762e+01	7.490064e+02
2.930000e-06	2.955606e-09	2.969590e-09	1.601161e+01	7.540010e+02
2.940000e-06	2.974559e-09	2.988895e-09	1.611428e+01	7.589050e+02
2.950000e-06	2.993237e-09	3.007570e-09	1.621547e+01	7.637190e+02
2.960000e-06	3.011625e-09	3.025576e-09	1.631508e+01	7.684436e+02
2.970000e-06	3.029727e-09	3.043181e-09	1.641315e+01	7.730790e+02
2.980000e-06	3.047567e-09	3.060726e-09	1.650979e+01	7.776250e+02
2.990000e-06	3.065180e-09	3.078260e-09	1.660521e+01	7.820812e+02
3.000000e-06	3.082595e-09	3.095690e-09	1.669955e+01	7.864472e+02
3.010000e-06	3.099835e-09	3.112644e-09	1.679295e+01	7.907219e+02
3.020000e-06	3.116917e-09	3.128922e-09	1.688549e+01	7.949046e+02
3.030000e-06	3.133838e-09	3.144611e-09	1.697716e+01	7.989942e+02
3.040000e-06	3.150583e-09	3.159930e-09	1.706787e+01	8.029899e+02
3.050000e-06	3.167136e-09	3.174978e-09	1.715755e+01	8.068910e+02
3.060000e-06	3.183464e-09	3.189587e-09	1.724600e+01	8.106972e+02
3.070000e-06	3.199522e-09	3.203888e-09	1.733299e+01	8.144086e+02
3.080000e-06	3.215275e-09	3.218144e-09	1.741833e+01	8.180258e+02
3.090000e-06	3.230692e-09	3.232161e-09	1.750185e+01	8.215497e+02
3.100000e-06	3.245755e-09	3.245669e-09	1.758346e+01	8.249821e+02
3.110000e-06	3.260485e-09	3.258673e-09	1.766325e+01	8.283249e+02
3.120000e-06	3.274923e-09	3.271147e-09	1.774147e+01	8.315808e+02
3.130000e-06	3.289113e-09	3.283355e-09	1.781834e+01	8.347526e+02
3.140000e-06	3.303077e-09	3.295710e-09	1.789399e+01	8.378435e+02
3.150000e-06	3.316824e-09	3.307902e-09	1.796846e+01	8.408570e+02
3.160000e-06	3.330347e-09	3.319455e-09	1.804172e+01	8.437963e+02
3.170000e-06	3.343626e-09	3.330703e-09	1.811365e+01	8.466650e+02
3.180000e-06	3.356642e-09	3.342044e-09	1.818417e+01	8.494661e+02
3.190000e-06	3.369391e-09	3.353312e-09	1.825323e+01	8.522027e+02
3.200000e-06	3.381880e-09	3.364162e-09	1.832089e+01	8.548775e+02
3.210000e-06	3.394134e-09	3.374494e-09	1.838728e+01	8.574928e+02
3.220000e-06	3.406179e-09	3.384867e-09	1.845253e+01	8.600508e+02
3.230000e-06	3.418031e-09	3.395292e-09	1.851674e+01	8.625530e+02
3.240000e-06	3.429686e-09	3.405164e-09	1.857988e+01	8.650009e+02
3.250000e-06	3.441111e-09	3.414589e-09	1.864177e+01	8.673957e+02
3.260000e-06	3.452257e-09	3.423790e-09	1.870215e+01	8.697383e+02
3.270000e-06	3.463060e-09	3.432788e-09	1.876068e+01	8.720295e+02
3.280000e-06	3.473459e-09	3.442006e-09	1.881701e+01	8.742701e+02
3.290000e-06	3.483428e-09	3.451448e-09	1.887102e+01	8.764605e+02
3.300000e-06	3.492962e-09	3.460297e-09	1.892266e+01	8.786014e+02
3.310000e-06	3.502076e-09	3.468687e-09	1.897204e+01	8.806935e+02
3.320000e-06	3.510818e-09	3.477178e-09	1.901940e+01	8.827372e+02
3.330000e-06	3.519258e-09	3.485396e-09	1.906512e+01	8.847331e+02
3.340000e-06	3.527466e-09	3.493240e-09	1.910959e+01	8.866820e+02
3.350000e-06	3.535497e-09	3.500836e-09	1.915309e+01	8.885844e+02
3.360000e-06	3.543379e-09	3.507902e-09	1.919579e+01	8.904411e+02
3.370000e-06	3.551119e-09	3.514787e-09	1.923772e+01	8.922526e+02
3.380000e-06	3.558694e-09	3.522306e-09	1.927876e+01	8.940196e+02
3.390000e-06	3.566065e-09	3.530126e-09	1.931869e+01	8.957429e+02
3.400000e-06	3.573189e-09	3.537264e-09	1.935728e+01	8.974229e+02
3.410000e-06	3.580041e-09	3.543925e-09	1.939441e+01	8.990605e+02
3.420000e-06	3.586618e-09	3.550236e-09	1.943003e+01	9.006563e+02
3.430000e-06	3.592929e-09	3.555768e-09	1.946422e+01	9.022109e+02
3.440000e-06	3.599002e-09	3.561089e-09	1.949712e+01	9.037251e+02
3.450000e-06	3.604846e-09	3.566770e-09	1.952878e+01	9.051995e+02
3.460000e-06	3.610451e-09	3.572440e-09	1.955915e+01	9.066349e+02
3.470000e-06	3.615799e-09	3.578200e-09	1.958812e+01	9.080318e+02
3.480000e-06	3.620869e-09	3.584439e-09	1.961559e+01	9.093909e+02
3.490000e-06	3.625654e-09	3.590508e-09	1.964151e+01	9.107126e+02
3.500000e-06	3.630171e-09	3.595717e-09	1.966598e+01	9.119974e+02
3.510000e-06	3.634455e-09	3.600321e-09	1.968919e+01	9.132454e+02
3.520000e-06	3.638552e-09	3.604621e-09	1.971138e+01	9.144566e+02
3.530000e-06	3.642504e-09	3.608465e-09	1.973279e+01	9.156309e+02
3.540000e-06	3.646326e-09	3.612248e-09	1.975350e+01	9.167679e+02
3.550000e-06	3.650005e-09	3.616423e-09	1.977343e+01	9.178670e+02
3.560000e-06	3.653503e-09	3.620928e-09	1.979238e+01	9.189274e+02
3.570000e-06	3.656764e-09	3.625562e-09	1.981005e+01	9.199482e+02
3.580000e-06	3.659725e-09	3.629823e-09	1.982609e+01	9.209284e+02
3.590000e-06	3.662316e-09	3.633177e-09	1.984012e+01	9.218669e+02
3.600000e-06	3.664488e-09	3.636004e-09	1.985189e+01	9.227626e+02
3.610000e-06	3.666220e-09	3.638960e-09	1.986127e+01	9.236146e+02
3.620000e-06	3.667520e-09	3.641878e-09	1.986831e+01	9.244221e+02
3.630000e-06	3.668426e-09	3.644561e-09	1.987322e+01	9.251846e+02
3.640000e-06	3.668996e-09	3.647314e-09	1.987631e+01	9.259016e+02
3.650000e-06	3.669296e-09	3.650147e-09	1.987793e+01	9.265731e+02
3.660000e-06	3.669389e-09	3.652773e-09	1.987844e+01	9.271992e+02
3.670000e-06	3.669318e-09	3.655043e-09	1.987806e+01	9.277806e+02
3.680000e-06	3.669097e-09	3.656937e-09	1.987686e+01	9.283179e+02
3.690000e-06	3.668712e-09	3.658509e-09	1.987477e+01	9.288120e+02
3.700000e-06	3.668126e-09	3.658980e-09	1.987160e+01	9.292639e+02
3.710000e-06	3.667281e-09	3.658491e-09	1.986702e+01	9.296748e+02
3.720000e-06	3.666144e-09	3.658665e-09	1.986086e+01	9.300457e+02
3.730000e-06	3.664702e-09	3.663675e-09	1.985305e+01	9.303776e+02
3.740000e-06	3.662941e-09	3.676767e-09	1.984351e+01	9.306714e+02
3.750000e-06	3.660848e-09	3.682120e-09	1.983217e+01	9.309277e+02
3.760000e-06	3.658452e-09	3.669003e-09	1.981919e+01	9.311470e+02
3.770000e-06	3.655846e-09	3.656667e-09	1.980507e+01	9.313295e+02
3.780000e-06	3.653118e-09	3.661487e-09	1.979029e+01	9.314751e+02
3.790000e-06	3.650274e-09	3.665985e-09	1.977489e+01	9.315837e+02
3.800000e-06	3.647239e-09	3.660122e-09	1.975844e+01	9.316547e+02
3.810000e-06	3.643933e-09	3.664100e-09	1.974054e+01	9.316876e+02
3.820000e-06	3.640342e-09	3.677185e-09	1.972108e+01	9.316820e+02
3.830000e-06	3.636507e-09	3.679218e-09	1.970031e+01	9.316371e+02
3.840000e-06	3.632490e-09	3.670775e-09	1.967855e+01	9.315524e+02
3.850000e-06	3.628334e-09	3.666282e-09	1.965603e+01	9.314277e+02
3.860000e-06	3.624038e-09	3.665366e-09	1.963276e+01	9.312625e+02
3.870000e-06	3.619573e-09	3.660020e-09	1.960857e+01	9.310570e+02
3.880000e-06	3.614884e-09	3.656494e-09	1.958317e+01	9.308112e+02
3.890000e-06	3.609875e-09	3.662154e-09	1.955603e+01	9.305255e+02
3.900000e-06	3.604426e-09	3.668956e-09	1.952651e+01	9.302005e+02
3.910000e-06	3.598472e-09	3.666784e-09	1.949426e+01	9.298370e+02
3.920000e-06	3.592033e-09	3.659086e-09	1.945938e+01	9.294358e+02
3.930000e-06	3.585187e-09	3.654331e-09	1.942229e+01	9.289979e+02
3.940000e-06	3.578002e-09	3.652487e-09	1.938336e+01	9.285242e+02
3.950000e-06	3.570515e-09	3.650032e-09	1.934281e+01	9.280156e+02
3.960000e-06	3.562776e-09	3.647497e-09	1.930088e+01	9.274730e+02
3.970000e-06	3.554835e-09	3.648328e-09	1.925786e+01	9.268971e+02
3.980000e-06	3.546734e-09	3.650746e-09	1.921398e+01	9.262885e+02
3.990000e-06	3.538483e-09	3.647411e-09	1.916928e+01	9.256476e+02
4.000000e-06	3.530075e-09	3.637031e-09	1.912373e+01	9.249746e+02
4.010000e-06	3.521480e-09	3.630181e-09	1.907717e+01	9.242694e+02
4.020000e-06	3.512649e-09	3.631719e-09	1.902933e+01	9.235321e+02
4.030000e-06	3.503537e-09	3.632323e-09	1.897996e+01	9.227622e+02
4.040000e-06	3.494130e-09	3.626875e-09	1.892900e+01	9.219595e+02
4.050000e-06	3.484449e-09	3.623178e-09	1.887656e+01	9.211236e+02
4.060000e-06	3.474532e-09	3.623425e-09	1.882283e+01	9.202539e+02
4.070000e-06	3.464405e-09	3.618969e-09	1.876797e+01	9.193502e+02
4.080000e-06	3.454083e-09	3.609049e-09	1.871206e+01	9.184119e+02
4.090000e-06	3.443557e-09	3.603189e-09	1.865503e+01	9.174390e+02
4.100000e-06	3.432787e-09	3.602779e-09	1.859669e+01	9.164312e+02
4.110000e-06	3.421736e-09	3.600342e-09	1.853682e+01	9.153886e+02
4.120000e-06	3.410393e-09	3.595283e-09	1.847537e+01	9.143111e+02
4.130000e-06	3.398778e-09	3.592127e-09	1.841244e+01	9.131991e+02
4.140000e-06	3.386916e-09	3.588392e-09	1.834819e+01	9.120529e+02
4.150000e-06	3.374826e-09	3.580249e-09	1.828269e+01	9.108727e+02
4.160000e-06	3.362509e-09	3.572768e-09	1.821597e+01	9.096590e+02
4.170000e-06	3.349948e-09	3.570088e-09	1.814792e+01	9.084121e+02
4.180000e-06	3.337089e-09	3.566875e-09	1.807826e+01	9.071325e+02
4.190000e-06	3.323878e-09	3.559966e-09	1.800669e+01	9.058203e+02
4.200000e-06	3.310276e-09	3.554544e-09	1.793300e+01	9.044756e+02
4.210000e-06	3.296250e-09	3.551378e-09	1.785702e+01	9.030986e+02
4.220000e-06	3.281797e-09	3.544759e-09	1.777872e+01	9.016892e+02
4.230000e-06	3.266949e-09	3.535516e-09	1.769828e+01	9.002472e+02
4.240000e-06	3.251752e-09	3.529709e-09	1.761596e+01	8.987723e+02
4.250000e-06	3.236261e-09	3.525808e-09	1.753204e+01	8.972643e+02
4.260000e-06	3.220535e-09	3.519355e-09	1.744684e+01	8.957227e+02
4.270000e-06	3.204628e-09	3.512785e-09	1.736067e+01	8.941473e+02
4.280000e-06	3.188575e-09	3.508157e-09	1.727370e+01	8.925377e+02
4.290000e-06	3.172397e-09	3.501511e-09	1.718606e+01	8.908938e+02
4.300000e-06	3.156089e-09	3.492398e-09	1.709771e+01	8.892155e+02
4.310000e-06	3.139619e-09	3.485255e-09	1.700849e+01	8.875029e+02
4.320000e-06	3.122950e-09	3.479777e-09	1.691819e+01	8.857559e+02
4.330000e-06	3.106039e-09	3.472718e-09	1.682658e+01	8.839751e+02
4.340000e-06	3.088869e-09	3.465302e-09	1.673356e+01	8.821605e+02
4.350000e-06	3.071448e-09	3.459115e-09	1.663918e+01	8.803125e+02
4.360000e-06	3.053800e-09	3.451762e-09	1.654358e+01	8.784315e+02
4.370000e-06	3.035958e-09	3.442720e-09	1.644692e+01	8.765177e+02
4.380000e-06	3.017942e-09	3.434621e-09	1.634932e+01	8.745710e+02
4.390000e-06	2.999757e-09	3.427508e-09	1.625081e+01	8.725913e+02
4.400000e-06	2.981389e-09	3.419768e-09	1.615130e+01	8.705782e+02
4.410000e-06	2.962819e-09	3.412006e-09	1.605070e+01	8.685311e+02
4.420000e-06	2.944027e-09	3.404532e-09	1.594889e+01	8.664491e+02
4.430000e-06	2.924997e-09	3.395939e-09	1.584581e+01	8.643309e+02
4.440000e-06	2.905729e-09	3.386327e-09	1.574142e+01	8.621753e+02
4.450000e-06	2.886239e-09	3.377163e-09	1.563584e+01	8.599808e+02
4.460000e-06	2.866559e-09	3.368296e-09	1.552922e+01	8.577459e+02
4.470000e-06	2.846724e-09	3.358979e-09	1.542177e+01	8.554692e+02
4.480000e-06	2.826769e-09	3.349743e-09	1.531367e+01	8.531493e+02
4.490000e-06	2.806722e-09	3.340955e-09	1.520506e+01	8.507852e+02
4.500000e-06	2.786596e-09	3.331965e-09	1.509604e+01	8.483763e+02
4.510000e-06	2.766393e-09	3.322336e-09	1.498659e+01	8.459220e+02
4.520000e-06	2.746090e-09	3.312082e-09	1.487660e+01	8.434226e+02
4.530000e-06	2.725645e-09	3.301550e-09	1.476584e+01	8.408784e+02
4.540000e-06	2.705005e-09	3.291127e-09	1.465403e+01	8.382902e+02
4.550000e-06	2.684119e-09	3.281104e-09	1.454088e+01	8.356591e+02
4.560000e-06	2.662932e-09	3.270908e-09	1.442610e+01	8.329865e+02
4.570000e-06	2.641405e-09	3.259925e-09	1.430948e+01	8.302736e+02
4.580000e-06	2.619522e-09	3.248677e-09	1.419094e+01	8.275220e+02
4.590000e-06	2.597277e-09	3.237462e-09	1.407043e+01	8.247327e+02
4.600000e-06	2.574682e-09	3.226016e-09	1.394802e+01	8.219069e+02
4.610000e-06	2.551761e-09	3.214659e-09	1.382385e+01	8.190450e+02
4.620000e-06	2.528558e-09	3.203769e-09	1.369815e+01	8.161475e+02
4.630000e-06	2.505114e-09	3.192714e-09	1.357115e+01	8.132139e+02
4.640000e-06	2.481470e-09	3.181063e-09	1.344306e+01	8.102439e+02
4.650000e-06	2.457673e-09	3.168974e-09	1.331414e+01	8.072363e+02
4.660000e-06	2.433760e-09	3.156544e-09	1.318460e+01	8.041900e+02
4.670000e-06	2.409756e-09	3.143930e-09	1.305456e+01	8.011036e+02
4.680000e-06	2.385672e-09	3.131452e-09	1.292408e+01	7.979756e+02
4.690000e-06	2.361505e-09	3.119242e-09	1.279316e+01	7.948047e+02
4.700000e-06	2.337251e-09	3.107209e-09	1.266177e+01	7.915896e+02
4.710000e-06	2.312898e-09	3.094840e-09	1.252984e+01	7.883295e+02
4.720000e-06	2.288424e-09	3.081537e-09	1.239725e+01	7.850238e+02
4.730000e-06	2.263815e-09	3.067712e-09	1.226394e+01	7.816724e+02
4.740000e-06	2.239046e-09	3.054028e-09	1.212976e+01	7.782756e+02
4.750000e-06	2.214098e-09	3.040203e-09	1.199460e+01	7.748337e+02
4.760000e-06	2.188964e-09	3.025907e-09	1.185844e+01	7.713477e+02
4.770000e-06	2.163649e-09	3.011650e-09	1.172130e+01	7.678184e+02
4.780000e-06	2.138162e-09	2.997762e-09	1.158323e+01	7.642466e+02
4.790000e-06	2.112512e-09	2.983638e-09	1.144428e+01	7.606329e+02
4.800000e-06	2.086715e-09	2.968965e-09	1.130453e+01	7.569778e+02
4.810000e-06	2.060784e-09	2.954071e-09	1.116405e+01	7.532811e+02
4.820000e-06	2.034725e-09	2.938825e-09	1.102287e+01	7.495421e+02
4.830000e-06	2.008536e-09	2.923002e-09	1.088100e+01	7.457598e+02
4.840000e-06	1.982216e-09	2.907258e-09	1.073841e+01	7.419323e+02
4.850000e-06	1.955761e-09	2.892022e-09	1.059510e+01	7.380575e+02
4.860000e-06	1.929158e-09	2.876734e-09	1.045098e+01	7.341325e+02
4.870000e-06	1.902400e-09	2.860879e-09	1.030602e+01	7.301546e+02
4.880000e-06	1.875488e-09	2.844518e-09	1.016023e+01	7.261207e+02
4.890000e-06	1.848421e-09	2.827887e-09	1.001360e+01	7.220279e+02
4.900000e-06	1.821198e-09	2.811221e-09	9.866121e+00	7.178733e+02
4.910000e-06	1.793821e-09	2.794454e-09	9.717810e+00	7.136546e+02
4.920000e-06	1.766300e-09	2.777298e-09	9.568718e+00	7.093701e+02
4.930000e-06	1.738650e-09	2.759997e-09	9.418928e+00	7.050186e+02
4.940000e-06	1.710893e-09	2.742763e-09	9.268557e+00	7.005994e+02
4.950000e-06	1.683043e-09	2.725254e-09	9.117683e+00	6.961127e+02
4.960000e-06	1.655116e-09	2.707249e-09	8.966393e+00	6.915590e+02
4.970000e-06	1.627127e-09	2.688830e-09	8.814764e+00	6.869394e+02
4.980000e-06	1.599082e-09	2.670268e-09	8.662833e+00	6.822552e+02
4.990000e-06	1.570988e-09	2.652013e-09	8.510640e+00	6.775078e+02
5.000000e-06	1.542854e-09	2.633951e-09	8.358223e+00	6.726986e+02
5.010000e-06	1.514677e-09	2.615333e-09	8.205579e+00	6.678287e+02
5.020000e-06	1.486454e-09	2.595828e-09	8.052683e+00	6.628988e+02
5.030000e-06	1.458182e-09	2.576070e-09	7.899526e+00	6.579093e+02
5.040000e-06	1.429856e-09	2.556451e-09	7.746070e+00	6.528596e+02
5.050000e-06	1.401461e-09	2.536686e-09	7.592246e+00	6.477489e+02
5.060000e-06	1.372986e-09	2.516589e-09	7.437984e+00	6.425756e+02
5.070000e-06	1.344421e-09	2.496157e-09	7.283238e+00	6.373377e+02
5.080000e-06	1.315758e-09	2.475575e-09	7.127962e+00	6.320327e+02
5.090000e-06	1.286984e-09	2.454809e-09	6.972082e+00	6.266579e+02
5.100000e-06	1.258083e-09	2.433633e-09	6.815512e+00	6.212104e+02
5.110000e-06	1.229044e-09	2.411987e-09	6.658201e+00	6.156873e+02
5.120000e-06	1.199866e-09	2.390077e-09	6.500134e+00	6.100858e+02
5.130000e-06	1.170545e-09	2.368245e-09	6.341292e+00	6.044032e+02
5.140000e-06	1.141075e-09	2.346386e-09	6.181640e+00	5.986373e+02
5.150000e-06	1.111460e-09	2.323910e-09	6.021204e+00	5.927858e+02
5.160000e-06	1.081705e-09	2.300689e-09	5.860011e+00	5.868471e+02
5.170000e-06	1.051812e-09	2.277021e-09	5.698072e+00	5.808194e+02
5.180000e-06	1.021791e-09	2.253149e-09	5.535436e+00	5.747013e+02
5.190000e-06	9.916355e-10	2.229276e-09	5.372075e+00	5.684912e+02
5.200000e-06	9.613444e-10	2.205127e-09	5.207977e+00	5.621875e+02
5.210000e-06	9.309196e-10	2.180250e-09	5.043155e+00	5.557885e+02
5.220000e-06	9.003609e-10	2.154855e-09	4.877608e+00	5.492922e+02
5.230000e-06	8.696761e-10	2.129435e-09	4.711378e+00	5.426964e+02
5.240000e-06	8.388763e-10	2.103838e-09	4.544525e+00	5.359983e+02
5.250000e-06	8.079719e-10	2.077415e-09	4.377104e+00	5.291952e+02
5.260000e-06	7.769713e-10	2.049642e-09	4.209163e+00	5.222839e+02
5.270000e-06	7.458811e-10	2.021168e-09	4.040736e+00	5.152613e+02
5.280000e-06	7.147138e-10	1.993155e-09	3.871892e+00	5.081241e+02
5.290000e-06	6.834794e-10	1.965351e-09	3.702684e+00	5.008693e+02
5.300000e-06	6.521825e-10	1.936850e-09	3.533137e+00	4.934939e+02
5.310000e-06	6.208274e-10	1.907583e-09	3.363275e+00	4.859955e+02
5.320000e-06	5.894176e-10	1.877815e-09	3.193117e+00	4.783721e+02
5.330000e-06	5.579569e-10	1.847559e-09	3.022682e+00	4.706222e+02
5.340000e-06	5.264482e-10	1.816607e-09	2.851988e+00	4.627448e+02
5.350000e-06	4.948923e-10	1.784864e-09	2.681038e+00	4.547394e+02
5.360000e-06	4.632960e-10	1.752517e-09	2.509869e+00	4.466061e+02
5.370000e-06	4.316695e-10	1.719866e-09	2.338536e+00	4.383453e+02
5.380000e-06	4.000085e-10	1.687215e-09	2.167017e+00	4.299577e+02
5.390000e-06	3.683153e-10	1.654279e-09	1.995323e+00	4.214440e+02
5.400000e-06	3.365981e-10	1.620651e-09	1.823499e+00	4.128052e+02
5.410000e-06	3.048593e-10	1.586439e-09	1.651558e+00	4.040418e+02
5.420000e-06	2.731042e-10	1.551682e-09	1.479528e+00	3.951545e+02
5.430000e-06	2.413363e-10	1.516270e-09	1.307429e+00	3.861435e+02
5.440000e-06	2.095588e-10	1.480405e-09	1.135279e+00	3.770086e+02
5.450000e-06	1.777757e-10	1.444001e-09	9.630975e-01	3.677496e+02
5.460000e-06	1.459858e-10	1.406853e-09	7.908797e-01	3.583659e+02
5.470000e-06	1.141883e-10	1.369431e-09	6.186203e-01	3.488567e+02
5.480000e-06	8.238336e-11	1.332029e-09	4.463210e-01	3.392213e+02
5.490000e-06	5.057163e-11	1.294130e-09	2.739848e-01	3.294591e+02
5.500000e-06	1.875418e-11	1.255389e-09	1.016175e-01	3.195696e+02
5.510000e-06	-1.306777e-11	1.215898e-09	-7.077411e-02	3.095529e+02
5.520000e-06	-4.489052e-11	1.175873e-09	-2.431701e-01	2.994095e+02
5.530000e-06	-7.670976e-11	1.135602e-09	-4.155470e-01	2.891404e+02
5.540000e-06	-1.085210e-10	1.094820e-09	-5.878804e-01	2.787476e+02
5.550000e-06	-1.403217e-10	1.053184e-09	-7.601573e-01	2.682337e+02
5.560000e-06	-1.721104e-10	1.011206e-09	-9.323687e-01	2.576017e+02
5.570000e-06	-2.038848e-10	9.692462e-10	-1.104503e+00	2.468559e+02
5.580000e-06	-2.356429e-10	9.269322e-10	-1.276548e+00	2.360006e+02
5.590000e-06	-2.673832e-10	8.839610e-10	-1.448497e+00	2.250409e+02
5.600000e-06	-2.991042e-10	8.404850e-10	-1.620342e+00	2.139825e+02
5.610000e-06	-3.308027e-10	7.967724e-10	-1.792065e+00	2.028309e+02
5.620000e-06	-3.624783e-10	7.527674e-10	-1.963664e+00	1.915921e+02
5.630000e-06	-3.941291e-10	7.082942e-10	-2.135128e+00	1.802721e+02
5.640000e-06	-4.257550e-10	6.633342e-10	-2.306457e+00	1.688767e+02
5.650000e-06	-4.573528e-10	6.181126e-10	-2.477634e+00	1.574118e+02
5.660000e-06	-4.889178e-10	5.727484e-10	-2.648634e+00	1.458828e+02
5.670000e-06	-5.204387e-10	5.272301e-10	-2.819394e+00	1.342951e+02
5.680000e-06	-5.519123e-10	4.815841e-10	-2.989899e+00	1.226538e+02
5.690000e-06	-5.833380e-10	4.357853e-10	-3.160143e+00	1.109637e+02
5.700000e-06	-6.147041e-10	3.897590e-10	-3.330065e+00	9.922939e+01
5.710000e-06	-6.460053e-10	3.435170e-10	-3.499635e+00	8.745524e+01
5.720000e-06	-6.772340e-10	2.972528e-10	-3.668812e+00	7.564547e+01
5.730000e-06	-7.083852e-10	2.509037e-10	-3.837570e+00	6.380417e+01
5.740000e-06	-7.394570e-10	2.043385e-10	-4.005897e+00	5.193530e+01
5.750000e-06	-7.704461e-10	1.577249e-10	-4.173776e+00	4.004276e+01
5.760000e-06	-8.013493e-10	1.110164e-10	-4.341190e+00	2.813039e+01
5.770000e-06	-8.321600e-10	6.392727e-11	-4.508103e+00	1.620199e+01
5.780000e-06	-8.628693e-10	1.649235e-11	-4.674466e+00	4.261361e+00
5.790000e-06	-8.934735e-10	-3.099271e-11	-4.840260e+00	-7.687725e+00
5.800000e-06	-9.239625e-10	-7.839262e-11	-5.005429e+00	-1.964149e+01
5.810000e-06	-9.543193e-10	-1.253898e-10	-5.169883e+00	-3.159616e+01
5.820000e-06	-9.845372e-10	-1.717574e-10	-5.333584e+00	-4.354797e+01
5.830000e-06	-1.014609e-09	-2.180901e-10	-5.496495e+00	-5.549313e+01
5.840000e-06	-1.044531e-09	-2.650366e-10	-5.658590e+00	-6.742788e+01
5.850000e-06	-1.074303e-09	-3.122507e-10	-5.819878e+00	-7.934846e+01
5.860000e-06	-1.103921e-09	-3.591076e-10	-5.980326e+00	-9.125109e+01
5.870000e-06	-1.133384e-09	-4.056305e-10	-6.139941e+00	-1.031320e+02
5.880000e-06	-1.162702e-09	-4.520812e-10	-6.298763e+00	-1.149876e+02
5.890000e-06	-1.191875e-09	-4.985567e-10	-6.456806e+00	-1.268141e+02
5.900000e-06	-1.220910e-09	-5.449913e-10	-6.614102e+00	-1.386079e+02
5.910000e-06	-1.249816e-09	-5.911243e-10	-6.770696e+00	-1.503655e+02
5.920000e-06	-1.278600e-09	-6.367696e-10	-6.926625e+00	-1.620834e+02
5.930000e-06	-1.307268e-09	-6.824897e-10	-7.081930e+00	-1.737582e+02
5.940000e-06	-1.335831e-09	-7.289409e-10	-7.236670e+00	-1.853867e+02
5.950000e-06	-1.364301e-09	-7.753416e-10	-7.390900e+00	-1.969658e+02
5.960000e-06	-1.392686e-09	-8.206164e-10	-7.544676e+00	-2.084926e+02
5.970000e-06	-1.421002e-09	-8.651299e-10	-7.698075e+00	-2.199640e+02
5.980000e-06	-1.449261e-09	-9.097956e-10	-7.851163e+00	-2.313774e+02
5.990000e-06	-1.477472e-09	-9.545433e-10	-8.003992e+00	-2.427301e+02
6.000000e-06	-1.505641e-09	-9.987569e-10	-8.156595e+00	-2.540195e+02
6.010000e-06	-1.533772e-09	-1.042390e-09	-8.308989e+00	-2.652429e+02
6.020000e-06	-1.561865e-09	-1.085867e-09	-8.461182e+00	-2.763978e+02
6.030000e-06	-1.589919e-09	-1.129686e-09	-8.613162e+00	-2.874818e+02
6.040000e-06	-1.617928e-09	-1.173921e-09	-8.764896e+00	-2.984921e+02
6.050000e-06	-1.645880e-09	-1.217722e-09	-8.916325e+00	-3.094262e+02
6.060000e-06	-1.673763e-09	-1.260334e-09	-9.067375e+00	-3.202816e+02
6.070000e-06	-1.701563e-09	-1.302387e-09	-9.217978e+00	-3.310559e+02
6.080000e-06	-1.729257e-09	-1.344548e-09	-9.368010e+00	-3.417465e+02
6.090000e-06	-1.756825e-09	-1.386657e-09	-9.517355e+00	-3.523513e+02
6.100000e-06	-1.784250e-09	-1.428100e-09	-9.665926e+00	-3.628682e+02
6.110000e-06	-1.811516e-09	-1.468561e-09	-9.813637e+00	-3.732954e+02
6.120000e-06	-1.838618e-09	-1.508647e-09	-9.960457e+00	-3.836314e+02
6.130000e-06	-1.865553e-09	-1.549041e-09	-1.010637e+01	-3.938751e+02
6.140000e-06	-1.892326e-09	-1.589537e-09	-1.025141e+01	-4.040255e+02
6.150000e-06	-1.918946e-09	-1.629105e-09	-1.039562e+01	-4.140823e+02
6.160000e-06	-1.945422e-09	-1.667443e-09	-1.053905e+01	-4.240452e+02
6.170000e-06	-1.971771e-09	-1.705614e-09	-1.068179e+01	-4.339141e+02
6.180000e-06	-1.997997e-09	-1.744417e-09	-1.082388e+01	-4.436892e+02
6.190000e-06	-2.024099e-09	-1.783090e-09	-1.096528e+01	-4.533706e+02
6.200000e-06	-2.050074e-09	-1.820668e-09	-1.110600e+01	-4.629583e+02
6.210000e-06	-2.075916e-09	-1.857526e-09	-1.124599e+01	-4.724521e+02
6.220000e-06	-2.101612e-09	-1.894465e-09	-1.138519e+01	-4.818512e+02
6.230000e-06	-2.127143e-09	-1.931444e-09	-1.152350e+01	-4.911545e+02
6.240000e-06	-2.152492e-09	-1.967818e-09	-1.166083e+01	-5.003604e+02
6.250000e-06	-2.177655e-09	-2.003221e-09	-1.179715e+01	-5.094666e+02
6.260000e-06	-2.202631e-09	-2.038041e-09	-1.193245e+01	-5.184700e+02
6.270000e-06	-2.227425e-09	-2.073026e-09	-1.206677e+01	-5.273673e+02
6.280000e-06	-2.252054e-09	-2.108329e-09	-1.220019e+01	-5.361546e+02
6.290000e-06	-2.276539e-09	-2.142889e-09	-1.233284e+01	-5.448274e+02
6.300000e-06	-2.300905e-09	-2.175937e-09	-1.246484e+01	-5.533815e+02
6.310000e-06	-2.325178e-09	-2.208235e-09	-1.259633e+01	-5.618123e+02
6.320000e-06	-2.349368e-09	-2.240620e-09	-1.272738e+01	-5.701156e+02
6.330000e-06	-2.373488e-09	-2.272901e-09	-1.285805e+01	-5.782876e+02
6.340000e-06	-2.397537e-09	-2.304785e-09	-1.298833e+01	-5.863251e+02
6.350000e-06	-2.421500e-09	-2.336097e-09	-1.311815e+01	-5.942254e+02
6.360000e-06	-2.445353e-09	-2.366545e-09	-1.324737e+01	-6.019868e+02
6.370000e-06	-2.469067e-09	-2.396757e-09	-1.337584e+01	-6.096087e+02
6.380000e-06	-2.492611e-09	-2.426924e-09	-1.350338e+01	-6.170910e+02
6.390000e-06	-2.515944e-09	-2.455958e-09	-1.362979e+01	-6.244348e+02
6.400000e-06	-2.539029e-09	-2.483739e-09	-1.375485e+01	-6.316418e+02
6.410000e-06	-2.561828e-09	-2.511486e-09	-1.387836e+01	-6.387143e+02
6.420000e-06	-2.584319e-09	-2.539686e-09	-1.400020e+01	-6.456555e+02
6.430000e-06	-2.606483e-09	-2.567467e-09	-1.412027e+01	-6.524686e+02
6.440000e-06	-2.628304e-09	-2.594136e-09	-1.423848e+01	-6.591571e+02
6.450000e-06	-2.649786e-09	-2.619626e-09	-1.435486e+01	-6.657247e+02
6.460000e-06	-2.670956e-09	-2.644261e-09	-1.446954e+01	-6.721747e+02
6.470000e-06	-2.691846e-09	-2.668771e-09	-1.458272e+01	-6.785105e+02
6.480000e-06	-2.712500e-09	-2.693189e-09	-1.469460e+01	-6.847351e+02
6.490000e-06	-2.732966e-09	-2.717097e-09	-1.480548e+01	-6.908512e+02
6.500000e-06	-2.753291e-09	-2.740531e-09	-1.491558e+01	-6.968611e+02
6.510000e-06	-2.773506e-09	-2.763608e-09	-1.502510e+01	-7.027669e+02
6.520000e-06	-2.793636e-09	-2.786284e-09	-1.513415e+01	-7.085705e+02
6.530000e-06	-2.813681e-09	-2.808293e-09	-1.524274e+01	-7.142733e+02
6.540000e-06	-2.833626e-09	-2.829439e-09	-1.535079e+01	-7.198768e+02
6.550000e-06	-2.853437e-09	-2.850005e-09	-1.545812e+01	-7.253824e+02
6.560000e-06	-2.873077e-09	-2.870612e-09	-1.556451e+01	-7.307913e+02
6.570000e-06	-2.892508e-09	-2.891596e-09	-1.566977e+01	-7.361047e+02
6.580000e-06	-2.911710e-09	-2.912690e-09	-1.577380e+01	-7.413239e+02
6.590000e-06	-2.930678e-09	-2.933232e-09	-1.587656e+01	-7.464500e+02
6.600000e-06	-2.949417e-09	-2.952792e-09	-1.597807e+01	-7.514842e+02
6.610000e-06	-2.967944e-09	-2.971791e-09	-1.607844e+01	-7.564273e+02
6.620000e-06	-2.986286e-09	-2.990579e-09	-1.617781e+01	-7.612803e+02
6.630000e-06	-3.004463e-09	-3.008944e-09	-1.627628e+01	-7.660436e+02
6.640000e-06	-3.022471e-09	-3.026774e-09	-1.637383e+01	-7.707178e+02
6.650000e-06	-3.040292e-09	-3.044373e-09	-1.647038e+01	-7.753026e+02
6.660000e-06	-3.057904e-09	-3.062219e-09	-1.656579e+01	-7.797980e+02
6.670000e-06	-3.075280e-09	-3.080102e-09	-1.665992e+01	-7.842034e+02
6.680000e-06	-3.092408e-09	-3.097463e-09	-1.675271e+01	-7.885180e+02
6.690000e-06	-3.109296e-09	-3.114098e-09	-1.684420e+01	-7.927409e+02
6.700000e-06	-3.125962e-09	-3.130102e-09	-1.693449e+01	-7.968712e+02
6.710000e-06	-3.142440e-09	-3.146002e-09	-1.702375e+01	-8.009080e+02
6.720000e-06	-3.158765e-09	-3.161926e-09	-1.711219e+01	-8.048505e+02
6.730000e-06	-3.174968e-09	-3.177418e-09	-1.719997e+01	-8.086981e+02
6.740000e-06	-3.191052e-09	-3.192294e-09	-1.728710e+01	-8.124509e+02
6.750000e-06	-3.206992e-09	-3.206812e-09	-1.737346e+01	-8.161091e+02
6.760000e-06	-3.222741e-09	-3.221086e-09	-1.745877e+01	-8.196736e+02
6.770000e-06	-3.238226e-09	-3.234920e-09	-1.754266e+01	-8.231457e+02
6.780000e-06	-3.253370e-09	-3.248364e-09	-1.762471e+01	-8.265273e+02
6.790000e-06	-3.268121e-09	-3.261452e-09	-1.770462e+01	-8.298207e+02
6.800000e-06	-3.282448e-09	-3.274250e-09	-1.778223e+01	-8.330288e+02
6.810000e-06	-3.296341e-09	-3.286878e-09	-1.785750e+01	-8.361545e+02
6.820000e-06	-3.309827e-09	-3.299017e-09	-1.793055e+01	-8.392013e+02
6.830000e-06	-3.322957e-09	-3.310442e-09	-1.800168e+01	-8.421724e+02
6.840000e-06	-3.335784e-09	-3.321547e-09	-1.807118e+01	-8.450714e+02
6.850000e-06	-3.348360e-09	-3.332697e-09	-1.813930e+01	-8.479014e+02
6.860000e-06	-3.360726e-09	-3.343655e-09	-1.820629e+01	-8.506657e+02
6.870000e-06	-3.372900e-09	-3.354214e-09	-1.827225e+01	-8.533669e+02
6.880000e-06	-3.384879e-09	-3.364731e-09	-1.833714e+01	-8.560077e+02
6.890000e-06	-3.396637e-09	-3.374963e-09	-1.840084e+01	-8.585902e+02
6.900000e-06	-3.408144e-09	-3.384358e-09	-1.846318e+01	-8.611163e+02
6.910000e-06	-3.419373e-09	-3.393105e-09	-1.852401e+01	-8.635875e+02
6.920000e-06	-3.430317e-09	-3.401800e-09	-1.858330e+01	-8.660050e+02
6.930000e-06	-3.441002e-09	-3.410713e-09	-1.864118e+01	-8.683700e+02
6.940000e-06	-3.451458e-09	-3.419729e-09	-1.869782e+01	-8.706833e+02
6.950000e-06	-3.461708e-09	-3.428738e-09	-1.875335e+01	-8.729455e+02
6.960000e-06	-3.471761e-09	-3.437349e-09	-1.880782e+01	-8.751574e+02
6.970000e-06	-3.481603e-09	-3.445595e-09	-1.886113e+01	-8.773195e+02
6.980000e-06	-3.491198e-09	-3.453741e-09	-1.891311e+01	-8.794325e+02
6.990000e-06	-3.500522e-09	-3.461727e-09	-1.896362e+01	-8.814968e+02
7.000000e-06	-3.509569e-09	-3.469415e-09	-1.901264e+01	-8.835132e+02
7.010000e-06	-3.518354e-09	-3.476751e-09	-1.906023e+01	-8.854822e+02
7.020000e-06	-3.526918e-09	-3.483787e-09	-1.910662e+01	-8.874044e+02
7.030000e-06	-3.535298e-09	-3.490778e-09	-1.915202e+01	-8.892806e+02
7.040000e-06	-3.543529e-09	-3.498018e-09	-1.919661e+01	-8.911113e+02
7.050000e-06	-3.551630e-09	-3.505174e-09	-1.924049e+01	-8.928973e+02
7.060000e-06	-3.559587e-09	-3.511770e-09	-1.928360e+01	-8.946392e+02
7.070000e-06	-3.567358e-09	-3.517872e-09	-1.932570e+01	-8.963376e+02
7.080000e-06	-3.574891e-09	-3.524009e-09	-1.936651e+01	-8.979933e+02
7.090000e-06	-3.582123e-09	-3.530431e-09	-1.940569e+01	-8.996068e+02
7.100000e-06	-3.588992e-09	-3.536814e-09	-1.944290e+01	-9.011790e+02
7.110000e-06	-3.595459e-09	-3.542721e-09	-1.947794e+01	-9.027103e+02
7.120000e-06	-3.601500e-09	-3.548210e-09	-1.951066e+01	-9.042017e+02
7.130000e-06	-3.607110e-09	-3.553751e-09	-1.954105e+01	-9.056536e+02
7.140000e-06	-3.612316e-09	-3.559236e-09	-1.956926e+01	-9.070669e+02
7.150000e-06	-3.617174e-09	-3.564196e-09	-1.959557e+01	-9.084421e+02
7.160000e-06	-3.621757e-09	-3.568981e-09	-1.962041e+01	-9.097798e+02
7.170000e-06	-3.626138e-09	-3.574120e-09	-1.964414e+01	-9.110803e+02
7.180000e-06	-3.630366e-09	-3.579351e-09	-1.966704e+01	-9.123439e+02
7.190000e-06	-3.634461e-09	-3.584414e-09	-1.968922e+01	-9.135709e+02
7.200000e-06	-3.638407e-09	-3.589182e-09	-1.971060e+01	-9.147610e+02
7.210000e-06	-3.642167e-09	-3.593348e-09	-1.973097e+01	-9.159139e+02
7.220000e-06	-3.645691e-09	-3.596985e-09	-1.975007e+01	-9.170293e+02
7.230000e-06	-3.648946e-09	-3.600564e-09	-1.976769e+01	-9.181063e+02
7.240000e-06	-3.651920e-09	-3.604434e-09	-1.978381e+01	-9.191441e+02
7.250000e-06	-3.654630e-09	-3.608553e-09	-1.979849e+01	-9.201417e+02
7.260000e-06	-3.657103e-09	-3.612691e-09	-1.981189e+01	-9.210981e+02
7.270000e-06	-3.659368e-09	-3.616664e-09	-1.982416e+01	-9.220122e+02
7.280000e-06	-3.661441e-09	-3.620247e-09	-1.983539e+01	-9.228830e+02
7.290000e-06	-3.663293e-09	-3.623498e-09	-1.984542e+01	-9.237096e+02
7.300000e-06	-3.664819e-09	-3.626737e-09	-1.985369e+01	-9.244914e+02
7.310000e-06	-3.666018e-09	-3.629708e-09	-1.986019e+01	-9.252278e+02
7.320000e-06	-3.666978e-09	-3.632167e-09	-1.986539e+01	-9.259187e+02
7.330000e-06	-3.667703e-09	-3.634793e-09	-1.986931e+01	-9.265643e+02
7.340000e-06	-3.668211e-09	-3.637895e-09	-1.987206e+01	-9.271647e+02
