# Temperatura_=_-0.5701720841300196
# Concentracion g/m^3_=_19900.0
# C_Vs_to_Am_M_A/Vsm_=_254322799225.57578
# pendiente_HvsI_1/m_=_3716.3
# ordenada_HvsI_A/m_=_1297.0
# frecuencia_Hz_=_136063.0298659597
# Promedio de 523 ciclos

Tiempo_(s)	Campo_(V.s)	Magnetizacion_(V.s)	Campo_(kA/m)	Magnetizacion_(A/m)
0.000000e+00	-3.655881e-09	-3.736641e-09	-1.984986e+01	-9.524480e+02
1.000000e-08	-3.656059e-09	-3.738699e-09	-1.985082e+01	-9.529765e+02
2.000000e-08	-3.656084e-09	-3.742192e-09	-1.985096e+01	-9.534612e+02
3.000000e-08	-3.655913e-09	-3.749130e-09	-1.985003e+01	-9.539037e+02
4.000000e-08	-3.655456e-09	-3.752443e-09	-1.984755e+01	-9.543050e+02
5.000000e-08	-3.654623e-09	-3.738707e-09	-1.984303e+01	-9.546663e+02
6.000000e-08	-3.653403e-09	-3.716037e-09	-1.983641e+01	-9.549884e+02
7.000000e-08	-3.651836e-09	-3.719880e-09	-1.982790e+01	-9.552718e+02
8.000000e-08	-3.649939e-09	-3.760507e-09	-1.981760e+01	-9.555169e+02
9.000000e-08	-3.647706e-09	-3.781122e-09	-1.980547e+01	-9.557237e+02
1.000000e-07	-3.645128e-09	-3.751377e-09	-1.979148e+01	-9.558918e+02
1.100000e-07	-3.642210e-09	-3.743891e-09	-1.977563e+01	-9.560209e+02
1.200000e-07	-3.638978e-09	-3.776590e-09	-1.975808e+01	-9.561105e+02
1.300000e-07	-3.635473e-09	-3.762928e-09	-1.973905e+01	-9.561600e+02
1.400000e-07	-3.631745e-09	-3.716471e-09	-1.971881e+01	-9.561692e+02
1.500000e-07	-3.627823e-09	-3.718388e-09	-1.969752e+01	-9.561376e+02
1.600000e-07	-3.623718e-09	-3.751765e-09	-1.967523e+01	-9.560651e+02
1.700000e-07	-3.619440e-09	-3.774591e-09	-1.965200e+01	-9.559519e+02
1.800000e-07	-3.614993e-09	-3.771251e-09	-1.962786e+01	-9.557984e+02
1.900000e-07	-3.610333e-09	-3.740436e-09	-1.960255e+01	-9.556050e+02
2.000000e-07	-3.605387e-09	-3.731587e-09	-1.957570e+01	-9.553727e+02
2.100000e-07	-3.600130e-09	-3.764968e-09	-1.954716e+01	-9.551024e+02
2.200000e-07	-3.594595e-09	-3.764411e-09	-1.951710e+01	-9.547949e+02
2.300000e-07	-3.588824e-09	-3.713136e-09	-1.948577e+01	-9.544514e+02
2.400000e-07	-3.582813e-09	-3.709901e-09	-1.945313e+01	-9.540729e+02
2.500000e-07	-3.576526e-09	-3.770044e-09	-1.941900e+01	-9.536601e+02
2.600000e-07	-3.569963e-09	-3.788378e-09	-1.938336e+01	-9.532138e+02
2.700000e-07	-3.563129e-09	-3.734516e-09	-1.934626e+01	-9.527345e+02
2.800000e-07	-3.556025e-09	-3.699880e-09	-1.930768e+01	-9.522224e+02
2.900000e-07	-3.548670e-09	-3.729652e-09	-1.926775e+01	-9.516777e+02
3.000000e-07	-3.541104e-09	-3.755532e-09	-1.922667e+01	-9.511001e+02
3.100000e-07	-3.533378e-09	-3.731166e-09	-1.918472e+01	-9.504896e+02
3.200000e-07	-3.525512e-09	-3.709526e-09	-1.914201e+01	-9.498455e+02
3.300000e-07	-3.517485e-09	-3.730303e-09	-1.909843e+01	-9.491673e+02
3.400000e-07	-3.509254e-09	-3.748563e-09	-1.905374e+01	-9.484546e+02
3.500000e-07	-3.500761e-09	-3.727139e-09	-1.900762e+01	-9.477067e+02
3.600000e-07	-3.491935e-09	-3.699439e-09	-1.895970e+01	-9.469232e+02
3.700000e-07	-3.482723e-09	-3.700379e-09	-1.890968e+01	-9.461034e+02
3.800000e-07	-3.473116e-09	-3.713565e-09	-1.885752e+01	-9.452472e+02
3.900000e-07	-3.463112e-09	-3.715430e-09	-1.880320e+01	-9.443541e+02
4.000000e-07	-3.452705e-09	-3.711057e-09	-1.874670e+01	-9.434240e+02
4.100000e-07	-3.441907e-09	-3.706709e-09	-1.868807e+01	-9.424569e+02
4.200000e-07	-3.430761e-09	-3.697559e-09	-1.862755e+01	-9.414527e+02
4.300000e-07	-3.419333e-09	-3.689660e-09	-1.856550e+01	-9.404115e+02
4.400000e-07	-3.407663e-09	-3.689888e-09	-1.850214e+01	-9.393334e+02
4.500000e-07	-3.395778e-09	-3.685847e-09	-1.843761e+01	-9.382188e+02
4.600000e-07	-3.383683e-09	-3.674314e-09	-1.837194e+01	-9.370677e+02
4.700000e-07	-3.371360e-09	-3.675508e-09	-1.830503e+01	-9.358805e+02
4.800000e-07	-3.358775e-09	-3.685996e-09	-1.823670e+01	-9.346573e+02
4.900000e-07	-3.345902e-09	-3.676363e-09	-1.816681e+01	-9.333985e+02
5.000000e-07	-3.332753e-09	-3.653142e-09	-1.809541e+01	-9.321042e+02
5.100000e-07	-3.319349e-09	-3.649124e-09	-1.802264e+01	-9.307747e+02
5.200000e-07	-3.305715e-09	-3.656488e-09	-1.794861e+01	-9.294101e+02
5.300000e-07	-3.291867e-09	-3.647700e-09	-1.787342e+01	-9.280106e+02
5.400000e-07	-3.277802e-09	-3.635014e-09	-1.779705e+01	-9.265763e+02
5.500000e-07	-3.263481e-09	-3.638035e-09	-1.771930e+01	-9.251073e+02
5.600000e-07	-3.248862e-09	-3.638204e-09	-1.763992e+01	-9.236036e+02
5.700000e-07	-3.233914e-09	-3.622585e-09	-1.755876e+01	-9.220652e+02
5.800000e-07	-3.218598e-09	-3.612012e-09	-1.747560e+01	-9.204921e+02
5.900000e-07	-3.202911e-09	-3.612517e-09	-1.739043e+01	-9.188843e+02
6.000000e-07	-3.186893e-09	-3.606125e-09	-1.730346e+01	-9.172417e+02
6.100000e-07	-3.170588e-09	-3.595829e-09	-1.721493e+01	-9.155643e+02
6.200000e-07	-3.154033e-09	-3.594744e-09	-1.712504e+01	-9.138521e+02
6.300000e-07	-3.137263e-09	-3.591554e-09	-1.703399e+01	-9.121050e+02
6.400000e-07	-3.120310e-09	-3.577894e-09	-1.694194e+01	-9.103231e+02
6.500000e-07	-3.103182e-09	-3.568461e-09	-1.684894e+01	-9.085063e+02
6.600000e-07	-3.085877e-09	-3.565503e-09	-1.675498e+01	-9.066548e+02
6.700000e-07	-3.068406e-09	-3.556460e-09	-1.666012e+01	-9.047685e+02
6.800000e-07	-3.050763e-09	-3.546999e-09	-1.656433e+01	-9.028475e+02
6.900000e-07	-3.032924e-09	-3.545405e-09	-1.646747e+01	-9.008917e+02
7.000000e-07	-3.014853e-09	-3.539426e-09	-1.636935e+01	-8.989011e+02
7.100000e-07	-2.996521e-09	-3.524861e-09	-1.626982e+01	-8.968754e+02
7.200000e-07	-2.977916e-09	-3.515689e-09	-1.616880e+01	-8.948143e+02
7.300000e-07	-2.959030e-09	-3.511567e-09	-1.606626e+01	-8.927173e+02
7.400000e-07	-2.939880e-09	-3.501722e-09	-1.596228e+01	-8.905839e+02
7.500000e-07	-2.920507e-09	-3.491540e-09	-1.585710e+01	-8.884131e+02
7.600000e-07	-2.900957e-09	-3.487070e-09	-1.575095e+01	-8.862041e+02
7.700000e-07	-2.881264e-09	-3.479760e-09	-1.564402e+01	-8.839558e+02
7.800000e-07	-2.861466e-09	-3.467905e-09	-1.553653e+01	-8.816672e+02
7.900000e-07	-2.841585e-09	-3.458838e-09	-1.542859e+01	-8.793372e+02
8.000000e-07	-2.821620e-09	-3.449726e-09	-1.532018e+01	-8.769649e+02
8.100000e-07	-2.801549e-09	-3.437512e-09	-1.521120e+01	-8.745493e+02
8.200000e-07	-2.781344e-09	-3.429092e-09	-1.510150e+01	-8.720899e+02
8.300000e-07	-2.760973e-09	-3.423650e-09	-1.499089e+01	-8.695864e+02
8.400000e-07	-2.740404e-09	-3.413185e-09	-1.487921e+01	-8.670385e+02
8.500000e-07	-2.719610e-09	-3.400636e-09	-1.476631e+01	-8.644467e+02
8.600000e-07	-2.698582e-09	-3.391668e-09	-1.465214e+01	-8.618116e+02
8.700000e-07	-2.677334e-09	-3.381856e-09	-1.453677e+01	-8.591339e+02
8.800000e-07	-2.655879e-09	-3.369364e-09	-1.442028e+01	-8.564148e+02
8.900000e-07	-2.634234e-09	-3.358860e-09	-1.430276e+01	-8.536555e+02
9.000000e-07	-2.612418e-09	-3.349303e-09	-1.418431e+01	-8.508573e+02
9.100000e-07	-2.590439e-09	-3.338030e-09	-1.406497e+01	-8.480215e+02
9.200000e-07	-2.568295e-09	-3.327615e-09	-1.394474e+01	-8.451490e+02
9.300000e-07	-2.545986e-09	-3.317390e-09	-1.382361e+01	-8.422407e+02
9.400000e-07	-2.523500e-09	-3.304269e-09	-1.370152e+01	-8.392970e+02
9.500000e-07	-2.500829e-09	-3.291335e-09	-1.357843e+01	-8.363180e+02
9.600000e-07	-2.477968e-09	-3.281037e-09	-1.345430e+01	-8.333033e+02
9.700000e-07	-2.454903e-09	-3.269887e-09	-1.332907e+01	-8.302523e+02
9.800000e-07	-2.431643e-09	-3.257109e-09	-1.320278e+01	-8.271638e+02
9.900000e-07	-2.408209e-09	-3.245396e-09	-1.307554e+01	-8.240364e+02
1.000000e-06	-2.384629e-09	-3.233769e-09	-1.294751e+01	-8.208688e+02
1.010000e-06	-2.360926e-09	-3.220783e-09	-1.281881e+01	-8.176593e+02
1.020000e-06	-2.337112e-09	-3.207924e-09	-1.268951e+01	-8.144063e+02
1.030000e-06	-2.313196e-09	-3.195113e-09	-1.255966e+01	-8.111087e+02
1.040000e-06	-2.289175e-09	-3.181563e-09	-1.242923e+01	-8.077653e+02
1.050000e-06	-2.265042e-09	-3.168674e-09	-1.229820e+01	-8.043753e+02
1.060000e-06	-2.240784e-09	-3.156485e-09	-1.216649e+01	-8.009384e+02
1.070000e-06	-2.216376e-09	-3.143315e-09	-1.203397e+01	-7.974543e+02
1.080000e-06	-2.191795e-09	-3.129505e-09	-1.190050e+01	-7.939233e+02
1.090000e-06	-2.167021e-09	-3.115835e-09	-1.176599e+01	-7.903456e+02
1.100000e-06	-2.142020e-09	-3.101509e-09	-1.163024e+01	-7.867217e+02
1.110000e-06	-2.116775e-09	-3.087128e-09	-1.149318e+01	-7.830518e+02
1.120000e-06	-2.091269e-09	-3.073468e-09	-1.135469e+01	-7.793359e+02
1.130000e-06	-2.065484e-09	-3.059008e-09	-1.121469e+01	-7.755739e+02
1.140000e-06	-2.039418e-09	-3.043483e-09	-1.107316e+01	-7.717651e+02
1.150000e-06	-2.013067e-09	-3.028463e-09	-1.093009e+01	-7.679082e+02
1.160000e-06	-1.986449e-09	-3.013653e-09	-1.078556e+01	-7.640017e+02
1.170000e-06	-1.959587e-09	-2.998381e-09	-1.063972e+01	-7.600434e+02
1.180000e-06	-1.932514e-09	-2.982820e-09	-1.049272e+01	-7.560307e+02
1.190000e-06	-1.905261e-09	-2.966456e-09	-1.034475e+01	-7.519608e+02
1.200000e-06	-1.877850e-09	-2.949741e-09	-1.019592e+01	-7.478308e+02
1.210000e-06	-1.850312e-09	-2.933843e-09	-1.004640e+01	-7.436379e+02
1.220000e-06	-1.822676e-09	-2.918086e-09	-9.896349e+00	-7.393793e+02
1.230000e-06	-1.794963e-09	-2.900939e-09	-9.745878e+00	-7.350530e+02
1.240000e-06	-1.767190e-09	-2.883075e-09	-9.595081e+00	-7.306573e+02
1.250000e-06	-1.739364e-09	-2.865662e-09	-9.444000e+00	-7.261911e+02
1.260000e-06	-1.711490e-09	-2.848040e-09	-9.292656e+00	-7.216543e+02
1.270000e-06	-1.683567e-09	-2.829844e-09	-9.141046e+00	-7.170472e+02
1.280000e-06	-1.655593e-09	-2.811409e-09	-8.989158e+00	-7.123710e+02
1.290000e-06	-1.627562e-09	-2.792507e-09	-8.836963e+00	-7.076272e+02
1.300000e-06	-1.599457e-09	-2.773387e-09	-8.684361e+00	-7.028179e+02
1.310000e-06	-1.571264e-09	-2.754666e-09	-8.531288e+00	-6.979452e+02
1.320000e-06	-1.542977e-09	-2.735693e-09	-8.377703e+00	-6.930112e+02
1.330000e-06	-1.514584e-09	-2.715411e-09	-8.223541e+00	-6.880180e+02
1.340000e-06	-1.486083e-09	-2.694613e-09	-8.068792e+00	-6.829668e+02
1.350000e-06	-1.457466e-09	-2.674439e-09	-7.913413e+00	-6.778586e+02
1.360000e-06	-1.428731e-09	-2.654141e-09	-7.757396e+00	-6.726935e+02
1.370000e-06	-1.399878e-09	-2.633162e-09	-7.600737e+00	-6.674708e+02
1.380000e-06	-1.370900e-09	-2.611978e-09	-7.443398e+00	-6.621892e+02
1.390000e-06	-1.341802e-09	-2.590619e-09	-7.285410e+00	-6.568466e+02
1.400000e-06	-1.312589e-09	-2.568954e-09	-7.126793e+00	-6.514402e+02
1.410000e-06	-1.283261e-09	-2.547234e-09	-6.967557e+00	-6.459669e+02
1.420000e-06	-1.253825e-09	-2.525167e-09	-6.807729e+00	-6.404233e+02
1.430000e-06	-1.224297e-09	-2.502045e-09	-6.647405e+00	-6.348058e+02
1.440000e-06	-1.194694e-09	-2.478459e-09	-6.486672e+00	-6.291109e+02
1.450000e-06	-1.165018e-09	-2.455421e-09	-6.325547e+00	-6.233353e+02
1.460000e-06	-1.135279e-09	-2.432598e-09	-6.164075e+00	-6.174761e+02
1.470000e-06	-1.105483e-09	-2.409558e-09	-6.002297e+00	-6.115307e+02
1.480000e-06	-1.075638e-09	-2.386309e-09	-5.840250e+00	-6.054969e+02
1.490000e-06	-1.045746e-09	-2.362211e-09	-5.677948e+00	-5.993729e+02
1.500000e-06	-1.015804e-09	-2.336902e-09	-5.515378e+00	-5.931572e+02
1.510000e-06	-9.858150e-10	-2.311392e-09	-5.352551e+00	-5.868484e+02
1.520000e-06	-9.557786e-10	-2.286033e-09	-5.189466e+00	-5.804453e+02
1.530000e-06	-9.256920e-10	-2.260095e-09	-5.026108e+00	-5.739465e+02
1.540000e-06	-8.955548e-10	-2.233889e-09	-4.862476e+00	-5.673505e+02
1.550000e-06	-8.653618e-10	-2.207963e-09	-4.698541e+00	-5.606554e+02
1.560000e-06	-8.351092e-10	-2.181797e-09	-4.534282e+00	-5.538590e+02
1.570000e-06	-8.048012e-10	-2.154949e-09	-4.369723e+00	-5.469586e+02
1.580000e-06	-7.744429e-10	-2.127485e-09	-4.204890e+00	-5.399515e+02
1.590000e-06	-7.440353e-10	-2.099143e-09	-4.039790e+00	-5.328342e+02
1.600000e-06	-7.135800e-10	-2.070147e-09	-3.874431e+00	-5.256033e+02
1.610000e-06	-6.830798e-10	-2.041193e-09	-3.708828e+00	-5.182555e+02
1.620000e-06	-6.525355e-10	-2.012343e-09	-3.542986e+00	-5.107873e+02
1.630000e-06	-6.219470e-10	-1.982975e-09	-3.376903e+00	-5.031957e+02
1.640000e-06	-5.913143e-10	-1.952553e-09	-3.210581e+00	-4.954779e+02
1.650000e-06	-5.606415e-10	-1.921496e-09	-3.044041e+00	-4.876318e+02
1.660000e-06	-5.299262e-10	-1.890337e-09	-2.877270e+00	-4.796558e+02
1.670000e-06	-4.991617e-10	-1.858876e-09	-2.710232e+00	-4.715490e+02
1.680000e-06	-4.683526e-10	-1.826429e-09	-2.542952e+00	-4.633111e+02
1.690000e-06	-4.375030e-10	-1.792828e-09	-2.375452e+00	-4.549424e+02
1.700000e-06	-4.066101e-10	-1.758725e-09	-2.207718e+00	-4.464435e+02
1.710000e-06	-3.756765e-10	-1.724569e-09	-2.039762e+00	-4.378156e+02
1.720000e-06	-3.447113e-10	-1.690077e-09	-1.871634e+00	-4.290600e+02
1.730000e-06	-3.137187e-10	-1.654871e-09	-1.703358e+00	-4.201778e+02
1.740000e-06	-2.827036e-10	-1.619164e-09	-1.534959e+00	-4.111704e+02
1.750000e-06	-2.516649e-10	-1.583218e-09	-1.366433e+00	-4.020386e+02
1.760000e-06	-2.206096e-10	-1.547106e-09	-1.197816e+00	-3.927830e+02
1.770000e-06	-1.895451e-10	-1.510576e-09	-1.029149e+00	-3.834038e+02
1.780000e-06	-1.584677e-10	-1.473033e-09	-8.604122e-01	-3.739009e+02
1.790000e-06	-1.273740e-10	-1.434735e-09	-6.915868e-01	-3.642736e+02
1.800000e-06	-9.626342e-11	-1.395990e-09	-5.226701e-01	-3.545213e+02
1.810000e-06	-6.514046e-11	-1.356794e-09	-3.536860e-01	-3.446428e+02
1.820000e-06	-3.400876e-11	-1.317500e-09	-1.846544e-01	-3.346373e+02
1.830000e-06	-2.871766e-12	-1.277730e-09	-1.559414e-02	-3.245038e+02
1.840000e-06	2.826967e-11	-1.237087e-09	1.534903e-01	-3.142420e+02
1.850000e-06	5.941801e-11	-1.196031e-09	3.226123e-01	-3.038517e+02
1.860000e-06	9.056178e-11	-1.154717e-09	4.917094e-01	-2.933335e+02
1.870000e-06	1.216856e-10	-1.112925e-09	6.606985e-01	-2.826886e+02
1.880000e-06	1.527956e-10	-1.070865e-09	8.296119e-01	-2.719189e+02
1.890000e-06	1.838903e-10	-1.028314e-09	9.984425e-01	-2.610272e+02
1.900000e-06	2.149571e-10	-9.847276e-10	1.167122e+00	-2.500170e+02
1.910000e-06	2.459990e-10	-9.405497e-10	1.335666e+00	-2.388925e+02
1.920000e-06	2.770236e-10	-8.963512e-10	1.504116e+00	-2.276585e+02
1.930000e-06	3.080216e-10	-8.517622e-10	1.672421e+00	-2.163203e+02
1.940000e-06	3.389875e-10	-8.064590e-10	1.840553e+00	-2.048836e+02
1.950000e-06	3.699279e-10	-7.609455e-10	2.008545e+00	-1.933544e+02
1.960000e-06	4.008416e-10	-7.154206e-10	2.176394e+00	-1.817390e+02
1.970000e-06	4.317216e-10	-6.695683e-10	2.344059e+00	-1.700434e+02
1.980000e-06	4.625610e-10	-6.231617e-10	2.511503e+00	-1.582738e+02
1.990000e-06	4.933623e-10	-5.760825e-10	2.678741e+00	-1.464364e+02
2.000000e-06	5.241224e-10	-5.286481e-10	2.845755e+00	-1.345370e+02
2.010000e-06	5.548327e-10	-4.813921e-10	3.012498e+00	-1.225813e+02
2.020000e-06	5.854858e-10	-4.342394e-10	3.178931e+00	-1.105747e+02
2.030000e-06	6.160838e-10	-3.867658e-10	3.345065e+00	-9.852260e+01
2.040000e-06	6.466271e-10	-3.388624e-10	3.510902e+00	-8.642999e+01
2.050000e-06	6.771155e-10	-2.907877e-10	3.676441e+00	-7.430176e+01
2.060000e-06	7.075553e-10	-2.428216e-10	3.841716e+00	-6.214263e+01
2.070000e-06	7.379457e-10	-1.951592e-10	4.006722e+00	-4.995717e+01
2.080000e-06	7.682867e-10	-1.475448e-10	4.171461e+00	-3.774984e+01
2.090000e-06	7.985794e-10	-9.936129e-11	4.335938e+00	-2.552499e+01
2.100000e-06	8.288239e-10	-5.083657e-11	4.500152e+00	-1.328684e+01
2.110000e-06	8.590196e-10	-2.731691e-12	4.664102e+00	-1.039575e+00
2.120000e-06	8.891678e-10	4.510596e-11	4.827794e+00	1.121275e+01
2.130000e-06	9.192648e-10	9.344156e-11	4.991208e+00	2.346613e+01
2.140000e-06	9.493086e-10	1.422499e-10	5.154333e+00	3.571668e+01
2.150000e-06	9.793045e-10	1.908941e-10	5.317198e+00	4.796056e+01
2.160000e-06	1.009250e-09	2.390160e-10	5.479789e+00	6.019402e+01
2.170000e-06	1.039143e-09	2.868643e-10	5.642096e+00	7.241340e+01
2.180000e-06	1.068987e-09	3.348073e-10	5.804137e+00	8.461509e+01
2.190000e-06	1.098781e-09	3.829002e-10	5.965907e+00	9.679556e+01
2.200000e-06	1.128522e-09	4.307601e-10	6.127388e+00	1.089513e+02
2.210000e-06	1.158206e-09	4.782036e-10	6.288554e+00	1.210789e+02
2.220000e-06	1.187826e-09	5.258586e-10	6.449383e+00	1.331750e+02
2.230000e-06	1.217378e-09	5.737890e-10	6.609835e+00	1.452362e+02
2.240000e-06	1.246853e-09	6.211783e-10	6.769871e+00	1.572593e+02
2.250000e-06	1.276240e-09	6.680899e-10	6.929431e+00	1.692411e+02
2.260000e-06	1.305526e-09	7.148734e-10	7.088442e+00	1.811782e+02
2.270000e-06	1.334703e-09	7.614071e-10	7.246857e+00	1.930677e+02
2.280000e-06	1.363761e-09	8.080324e-10	7.404632e+00	2.049065e+02
2.290000e-06	1.392694e-09	8.546667e-10	7.561727e+00	2.166915e+02
2.300000e-06	1.421496e-09	9.008586e-10	7.718110e+00	2.284198e+02
2.310000e-06	1.450168e-09	9.467663e-10	7.873784e+00	2.400886e+02
2.320000e-06	1.478713e-09	9.924459e-10	8.028769e+00	2.516951e+02
2.330000e-06	1.507143e-09	1.037550e-09	8.183133e+00	2.632365e+02
2.340000e-06	1.535471e-09	1.082149e-09	8.336943e+00	2.747101e+02
2.350000e-06	1.563702e-09	1.126767e-09	8.490227e+00	2.861133e+02
2.360000e-06	1.591849e-09	1.171503e-09	8.643049e+00	2.974434e+02
2.370000e-06	1.619926e-09	1.216285e-09	8.795496e+00	3.086979e+02
2.380000e-06	1.647945e-09	1.260913e-09	8.947626e+00	3.198742e+02
2.390000e-06	1.675913e-09	1.304790e-09	9.099482e+00	3.309697e+02
2.400000e-06	1.703836e-09	1.347944e-09	9.251092e+00	3.419819e+02
2.410000e-06	1.731717e-09	1.390386e-09	9.402473e+00	3.529085e+02
2.420000e-06	1.759553e-09	1.431934e-09	9.553616e+00	3.637469e+02
2.430000e-06	1.787343e-09	1.473461e-09	9.704501e+00	3.744949e+02
2.440000e-06	1.815072e-09	1.515727e-09	9.855061e+00	3.851502e+02
2.450000e-06	1.842721e-09	1.557885e-09	1.000518e+01	3.957109e+02
2.460000e-06	1.870269e-09	1.599139e-09	1.015476e+01	4.061748e+02
2.470000e-06	1.897689e-09	1.639807e-09	1.030363e+01	4.165401e+02
2.480000e-06	1.924948e-09	1.679967e-09	1.045164e+01	4.268052e+02
2.490000e-06	1.952014e-09	1.719619e-09	1.059859e+01	4.369686e+02
2.500000e-06	1.978849e-09	1.759037e-09	1.074430e+01	4.470288e+02
2.510000e-06	2.005433e-09	1.798268e-09	1.088864e+01	4.569845e+02
2.520000e-06	2.031745e-09	1.837370e-09	1.103150e+01	4.668347e+02
2.530000e-06	2.057768e-09	1.876269e-09	1.117279e+01	4.765781e+02
2.540000e-06	2.083506e-09	1.914534e-09	1.131254e+01	4.862139e+02
2.550000e-06	2.108955e-09	1.951888e-09	1.145071e+01	4.957411e+02
2.560000e-06	2.134132e-09	1.988610e-09	1.158741e+01	5.051588e+02
2.570000e-06	2.159057e-09	2.025259e-09	1.172274e+01	5.144662e+02
2.580000e-06	2.183747e-09	2.061733e-09	1.185680e+01	5.236624e+02
2.590000e-06	2.208243e-09	2.097678e-09	1.198980e+01	5.327468e+02
2.600000e-06	2.232572e-09	2.133188e-09	1.212190e+01	5.417185e+02
2.610000e-06	2.256763e-09	2.168000e-09	1.225324e+01	5.505769e+02
2.620000e-06	2.280834e-09	2.201886e-09	1.238394e+01	5.593214e+02
2.630000e-06	2.304804e-09	2.235454e-09	1.251409e+01	5.679514e+02
2.640000e-06	2.328677e-09	2.269158e-09	1.264371e+01	5.764664e+02
2.650000e-06	2.352446e-09	2.302716e-09	1.277276e+01	5.848658e+02
2.660000e-06	2.376099e-09	2.335922e-09	1.290119e+01	5.931492e+02
2.670000e-06	2.399612e-09	2.368453e-09	1.302885e+01	6.013161e+02
2.680000e-06	2.422956e-09	2.400026e-09	1.315561e+01	6.093659e+02
2.690000e-06	2.446116e-09	2.431131e-09	1.328135e+01	6.172983e+02
2.700000e-06	2.469077e-09	2.461646e-09	1.340602e+01	6.251125e+02
2.710000e-06	2.491826e-09	2.491102e-09	1.352954e+01	6.328080e+02
2.720000e-06	2.514368e-09	2.520262e-09	1.365193e+01	6.403839e+02
2.730000e-06	2.536725e-09	2.549579e-09	1.377332e+01	6.478396e+02
2.740000e-06	2.558911e-09	2.578539e-09	1.389378e+01	6.551742e+02
2.750000e-06	2.580945e-09	2.606976e-09	1.401341e+01	6.623871e+02
2.760000e-06	2.602841e-09	2.635079e-09	1.413230e+01	6.694775e+02
2.770000e-06	2.624593e-09	2.662879e-09	1.425041e+01	6.764451e+02
2.780000e-06	2.646185e-09	2.690260e-09	1.436764e+01	6.832896e+02
2.790000e-06	2.667596e-09	2.716869e-09	1.448389e+01	6.900112e+02
2.800000e-06	2.688800e-09	2.742417e-09	1.459902e+01	6.966105e+02
2.810000e-06	2.709782e-09	2.767430e-09	1.471295e+01	7.030884e+02
2.820000e-06	2.730539e-09	2.792446e-09	1.482564e+01	7.094466e+02
2.830000e-06	2.751079e-09	2.817075e-09	1.493717e+01	7.156870e+02
2.840000e-06	2.771425e-09	2.841294e-09	1.504764e+01	7.218122e+02
2.850000e-06	2.791610e-09	2.865667e-09	1.515724e+01	7.278251e+02
2.860000e-06	2.811671e-09	2.889757e-09	1.526616e+01	7.337288e+02
2.870000e-06	2.831633e-09	2.912618e-09	1.537454e+01	7.395269e+02
2.880000e-06	2.851508e-09	2.934523e-09	1.548246e+01	7.452225e+02
2.890000e-06	2.871297e-09	2.956183e-09	1.558990e+01	7.508189e+02
2.900000e-06	2.890979e-09	2.977442e-09	1.569676e+01	7.563191e+02
2.910000e-06	2.910520e-09	2.998280e-09	1.580287e+01	7.617253e+02
2.920000e-06	2.929884e-09	3.019357e-09	1.590801e+01	7.670393e+02
2.930000e-06	2.949023e-09	3.040775e-09	1.601192e+01	7.722623e+02
2.940000e-06	2.967898e-09	3.062108e-09	1.611441e+01	7.773945e+02
2.950000e-06	2.986490e-09	3.082913e-09	1.621535e+01	7.824355e+02
2.960000e-06	3.004792e-09	3.102483e-09	1.631472e+01	7.873842e+02
2.970000e-06	3.022813e-09	3.120824e-09	1.641257e+01	7.922390e+02
2.980000e-06	3.040580e-09	3.138746e-09	1.650903e+01	7.969977e+02
2.990000e-06	3.058131e-09	3.156461e-09	1.660433e+01	8.016579e+02
3.000000e-06	3.075493e-09	3.173945e-09	1.669860e+01	8.062173e+02
3.010000e-06	3.092686e-09	3.191594e-09	1.679195e+01	8.106737e+02
3.020000e-06	3.109714e-09	3.209281e-09	1.688440e+01	8.150253e+02
3.030000e-06	3.126576e-09	3.226242e-09	1.697596e+01	8.192707e+02
3.040000e-06	3.143262e-09	3.242243e-09	1.706656e+01	8.234094e+02
3.050000e-06	3.159746e-09	3.257707e-09	1.715606e+01	8.274416e+02
3.060000e-06	3.175993e-09	3.272636e-09	1.724427e+01	8.313681e+02
3.070000e-06	3.191960e-09	3.287007e-09	1.733096e+01	8.351909e+02
3.080000e-06	3.207613e-09	3.301113e-09	1.741595e+01	8.389123e+02
3.090000e-06	3.222929e-09	3.315240e-09	1.749911e+01	8.425355e+02
3.100000e-06	3.237905e-09	3.329458e-09	1.758043e+01	8.460640e+02
3.110000e-06	3.252570e-09	3.343318e-09	1.766005e+01	8.495017e+02
3.120000e-06	3.266957e-09	3.356460e-09	1.773816e+01	8.528524e+02
3.130000e-06	3.281100e-09	3.369077e-09	1.781496e+01	8.561203e+02
3.140000e-06	3.295030e-09	3.381513e-09	1.789059e+01	8.593090e+02
3.150000e-06	3.308755e-09	3.393678e-09	1.796511e+01	8.624219e+02
3.160000e-06	3.322259e-09	3.405303e-09	1.803843e+01	8.654623e+02
3.170000e-06	3.335519e-09	3.416675e-09	1.811043e+01	8.684328e+02
3.180000e-06	3.348513e-09	3.428108e-09	1.818098e+01	8.713359e+02
3.190000e-06	3.361239e-09	3.439455e-09	1.825007e+01	8.741735e+02
3.200000e-06	3.373712e-09	3.450601e-09	1.831780e+01	8.769475e+02
3.210000e-06	3.385955e-09	3.461411e-09	1.838427e+01	8.796595e+02
3.220000e-06	3.397994e-09	3.471803e-09	1.844964e+01	8.823110e+02
3.230000e-06	3.409846e-09	3.482234e-09	1.851399e+01	8.849037e+02
3.240000e-06	3.421501e-09	3.492803e-09	1.857727e+01	8.874391e+02
3.250000e-06	3.432916e-09	3.502830e-09	1.863925e+01	8.899190e+02
3.260000e-06	3.444035e-09	3.512370e-09	1.869962e+01	8.923453e+02
3.270000e-06	3.454790e-09	3.522078e-09	1.875801e+01	8.947199e+02
3.280000e-06	3.465135e-09	3.531831e-09	1.881419e+01	8.970449e+02
3.290000e-06	3.475048e-09	3.541187e-09	1.886801e+01	8.993222e+02
3.300000e-06	3.484523e-09	3.550191e-09	1.891945e+01	9.015538e+02
3.310000e-06	3.493595e-09	3.558838e-09	1.896871e+01	9.037413e+02
3.320000e-06	3.502320e-09	3.567317e-09	1.901608e+01	9.058861e+02
3.330000e-06	3.510757e-09	3.575975e-09	1.906189e+01	9.079892e+02
3.340000e-06	3.518968e-09	3.584474e-09	1.910647e+01	9.100513e+02
3.350000e-06	3.527009e-09	3.592488e-09	1.915013e+01	9.120726e+02
3.360000e-06	3.534908e-09	3.600218e-09	1.919302e+01	9.140529e+02
3.370000e-06	3.542661e-09	3.607834e-09	1.923511e+01	9.159917e+02
3.380000e-06	3.550242e-09	3.615390e-09	1.927628e+01	9.178882e+02
3.390000e-06	3.557613e-09	3.623039e-09	1.931630e+01	9.197414e+02
3.400000e-06	3.564736e-09	3.630537e-09	1.935497e+01	9.215504e+02
3.410000e-06	3.571582e-09	3.637531e-09	1.939215e+01	9.233141e+02
3.420000e-06	3.578155e-09	3.644289e-09	1.942783e+01	9.250319e+02
3.430000e-06	3.584474e-09	3.651079e-09	1.946214e+01	9.267032e+02
3.440000e-06	3.590549e-09	3.657670e-09	1.949513e+01	9.283277e+02
3.450000e-06	3.596394e-09	3.663687e-09	1.952686e+01	9.299056e+02
3.460000e-06	3.602000e-09	3.669215e-09	1.955730e+01	9.314373e+02
3.470000e-06	3.607344e-09	3.675026e-09	1.958632e+01	9.329234e+02
3.480000e-06	3.612413e-09	3.681320e-09	1.961384e+01	9.343650e+02
3.490000e-06	3.617200e-09	3.687299e-09	1.963983e+01	9.357629e+02
3.500000e-06	3.621721e-09	3.692618e-09	1.966438e+01	9.371181e+02
3.510000e-06	3.626014e-09	3.697684e-09	1.968769e+01	9.384315e+02
3.520000e-06	3.630130e-09	3.702828e-09	1.971003e+01	9.397038e+02
3.530000e-06	3.634106e-09	3.707819e-09	1.973163e+01	9.409353e+02
3.540000e-06	3.637955e-09	3.712488e-09	1.975252e+01	9.421262e+02
3.550000e-06	3.641659e-09	3.716931e-09	1.977263e+01	9.432761e+02
3.560000e-06	3.645176e-09	3.721223e-09	1.979173e+01	9.443844e+02
3.570000e-06	3.648447e-09	3.725449e-09	1.980949e+01	9.454502e+02
3.580000e-06	3.651407e-09	3.729253e-09	1.982556e+01	9.464724e+02
3.590000e-06	3.653991e-09	3.732590e-09	1.983959e+01	9.474499e+02
3.600000e-06	3.656156e-09	3.736083e-09	1.985134e+01	9.483815e+02
3.610000e-06	3.657886e-09	3.739530e-09	1.986074e+01	9.492662e+02
3.620000e-06	3.659188e-09	3.742567e-09	1.986781e+01	9.501032e+02
3.630000e-06	3.660101e-09	3.745668e-09	1.987276e+01	9.508919e+02
3.640000e-06	3.660690e-09	3.748892e-09	1.987596e+01	9.516321e+02
3.650000e-06	3.661015e-09	3.751585e-09	1.987773e+01	9.523241e+02
3.660000e-06	3.661138e-09	3.753677e-09	1.987839e+01	9.529685e+02
3.670000e-06	3.661101e-09	3.755635e-09	1.987819e+01	9.535661e+02
3.680000e-06	3.660913e-09	3.757347e-09	1.987717e+01	9.541180e+02
3.690000e-06	3.660557e-09	3.756601e-09	1.987524e+01	9.546256e+02
3.700000e-06	3.659995e-09	3.753999e-09	1.987219e+01	9.550901e+02
3.710000e-06	3.659180e-09	3.757972e-09	1.986776e+01	9.555130e+02
3.720000e-06	3.658074e-09	3.770695e-09	1.986176e+01	9.558953e+02
3.730000e-06	3.656663e-09	3.793783e-09	1.985410e+01	9.562380e+02
3.740000e-06	3.654932e-09	3.801520e-09	1.984470e+01	9.565418e+02
3.750000e-06	3.652865e-09	3.750185e-09	1.983348e+01	9.568072e+02
3.760000e-06	3.650493e-09	3.717010e-09	1.982060e+01	9.570342e+02
3.770000e-06	3.647909e-09	3.773137e-09	1.980656e+01	9.572228e+02
3.780000e-06	3.645204e-09	3.796900e-09	1.979188e+01	9.573726e+02
3.790000e-06	3.642380e-09	3.744455e-09	1.977655e+01	9.574831e+02
3.800000e-06	3.639369e-09	3.754213e-09	1.976020e+01	9.575539e+02
3.810000e-06	3.636105e-09	3.817034e-09	1.974248e+01	9.575844e+02
3.820000e-06	3.632559e-09	3.796824e-09	1.972322e+01	9.575743e+02
3.830000e-06	3.628766e-09	3.740143e-09	1.970263e+01	9.575234e+02
3.840000e-06	3.624798e-09	3.754864e-09	1.968108e+01	9.574317e+02
3.850000e-06	3.620690e-09	3.781227e-09	1.965878e+01	9.572994e+02
3.860000e-06	3.616438e-09	3.759004e-09	1.963569e+01	9.571270e+02
3.870000e-06	3.612010e-09	3.748532e-09	1.961165e+01	9.569151e+02
3.880000e-06	3.607359e-09	3.777166e-09	1.958640e+01	9.566648e+02
3.890000e-06	3.602392e-09	3.791864e-09	1.955943e+01	9.563768e+02
3.900000e-06	3.596986e-09	3.770522e-09	1.953008e+01	9.560523e+02
3.910000e-06	3.591068e-09	3.745739e-09	1.949794e+01	9.556923e+02
3.920000e-06	3.584659e-09	3.743716e-09	1.946314e+01	9.552976e+02
3.930000e-06	3.577853e-09	3.757726e-09	1.942620e+01	9.548690e+02
3.940000e-06	3.570710e-09	3.762122e-09	1.938741e+01	9.544072e+02
3.950000e-06	3.563264e-09	3.751255e-09	1.934698e+01	9.539126e+02
3.960000e-06	3.555567e-09	3.751832e-09	1.930519e+01	9.533853e+02
3.970000e-06	3.547675e-09	3.766688e-09	1.926234e+01	9.528252e+02
3.980000e-06	3.539624e-09	3.757424e-09	1.921863e+01	9.522323e+02
3.990000e-06	3.531422e-09	3.724352e-09	1.917409e+01	9.516061e+02
4.000000e-06	3.523061e-09	3.720102e-09	1.912870e+01	9.509461e+02
4.010000e-06	3.514514e-09	3.749948e-09	1.908229e+01	9.502519e+02
4.020000e-06	3.505738e-09	3.756886e-09	1.903464e+01	9.495227e+02
4.030000e-06	3.496679e-09	3.729606e-09	1.898545e+01	9.487581e+02
4.040000e-06	3.487321e-09	3.719955e-09	1.893464e+01	9.479576e+02
4.050000e-06	3.477692e-09	3.736635e-09	1.888236e+01	9.471208e+02
4.060000e-06	3.467825e-09	3.731222e-09	1.882879e+01	9.462472e+02
4.070000e-06	3.457745e-09	3.701586e-09	1.877406e+01	9.453368e+02
4.080000e-06	3.447468e-09	3.697913e-09	1.871826e+01	9.443893e+02
4.090000e-06	3.436988e-09	3.720225e-09	1.866136e+01	9.434047e+02
4.100000e-06	3.426275e-09	3.720301e-09	1.860319e+01	9.423830e+02
4.110000e-06	3.415281e-09	3.699370e-09	1.854350e+01	9.413245e+02
4.120000e-06	3.403994e-09	3.695850e-09	1.848221e+01	9.402292e+02
4.130000e-06	3.392435e-09	3.699061e-09	1.841945e+01	9.390974e+02
4.140000e-06	3.380624e-09	3.681190e-09	1.835532e+01	9.379293e+02
4.150000e-06	3.368580e-09	3.668329e-09	1.828993e+01	9.367251e+02
4.160000e-06	3.356310e-09	3.682622e-09	1.822331e+01	9.354852e+02
4.170000e-06	3.343800e-09	3.686867e-09	1.815539e+01	9.342097e+02
4.180000e-06	3.331001e-09	3.664067e-09	1.808589e+01	9.328989e+02
4.190000e-06	3.317856e-09	3.655090e-09	1.801452e+01	9.315529e+02
4.200000e-06	3.304316e-09	3.666727e-09	1.794100e+01	9.301719e+02
4.210000e-06	3.290353e-09	3.657012e-09	1.786519e+01	9.287561e+02
4.220000e-06	3.275970e-09	3.631786e-09	1.778710e+01	9.273055e+02
4.230000e-06	3.261188e-09	3.632357e-09	1.770684e+01	9.258202e+02
4.240000e-06	3.246065e-09	3.643144e-09	1.762473e+01	9.243003e+02
4.250000e-06	3.230650e-09	3.629552e-09	1.754103e+01	9.227456e+02
4.260000e-06	3.214991e-09	3.613928e-09	1.745601e+01	9.211563e+02
4.270000e-06	3.199143e-09	3.617388e-09	1.736996e+01	9.195322e+02
4.280000e-06	3.183151e-09	3.611645e-09	1.728313e+01	9.178733e+02
4.290000e-06	3.167034e-09	3.591538e-09	1.719562e+01	9.161795e+02
4.300000e-06	3.150785e-09	3.588938e-09	1.710740e+01	9.144510e+02
4.310000e-06	3.134381e-09	3.595150e-09	1.701833e+01	9.126875e+02
4.320000e-06	3.117781e-09	3.580770e-09	1.692820e+01	9.108893e+02
4.330000e-06	3.100938e-09	3.564207e-09	1.683675e+01	9.090562e+02
4.340000e-06	3.083834e-09	3.565918e-09	1.674388e+01	9.071883e+02
4.350000e-06	3.066480e-09	3.561662e-09	1.664966e+01	9.052858e+02
4.360000e-06	3.048897e-09	3.543321e-09	1.655419e+01	9.033485e+02
4.370000e-06	3.031115e-09	3.536186e-09	1.645764e+01	9.013764e+02
4.380000e-06	3.013160e-09	3.536721e-09	1.636016e+01	8.993693e+02
4.390000e-06	2.995040e-09	3.525294e-09	1.626177e+01	8.973271e+02
4.400000e-06	2.976740e-09	3.513965e-09	1.616241e+01	8.952492e+02
4.410000e-06	2.958243e-09	3.511389e-09	1.606198e+01	8.931352e+02
4.420000e-06	2.939528e-09	3.500699e-09	1.596036e+01	8.909842e+02
4.430000e-06	2.920575e-09	3.484430e-09	1.585746e+01	8.887956e+02
4.440000e-06	2.901380e-09	3.479810e-09	1.575324e+01	8.865682e+02
4.450000e-06	2.881961e-09	3.476898e-09	1.564780e+01	8.843010e+02
4.460000e-06	2.862352e-09	3.463514e-09	1.554133e+01	8.819929e+02
4.470000e-06	2.842586e-09	3.452816e-09	1.543401e+01	8.796430e+02
4.480000e-06	2.822696e-09	3.447918e-09	1.532602e+01	8.772503e+02
4.490000e-06	2.802711e-09	3.436003e-09	1.521751e+01	8.748140e+02
4.500000e-06	2.782645e-09	3.422380e-09	1.510856e+01	8.723337e+02
4.510000e-06	2.762502e-09	3.415619e-09	1.499919e+01	8.698091e+02
4.520000e-06	2.742269e-09	3.405822e-09	1.488933e+01	8.672403e+02
4.530000e-06	2.721904e-09	3.391782e-09	1.477876e+01	8.646279e+02
4.540000e-06	2.701354e-09	3.383879e-09	1.466718e+01	8.619725e+02
4.550000e-06	2.680569e-09	3.376427e-09	1.455433e+01	8.592751e+02
4.560000e-06	2.659491e-09	3.361833e-09	1.443988e+01	8.565368e+02
4.570000e-06	2.638069e-09	3.349086e-09	1.432357e+01	8.537591e+02
4.580000e-06	2.616290e-09	3.340820e-09	1.420532e+01	8.509430e+02
4.590000e-06	2.594149e-09	3.328646e-09	1.408510e+01	8.480899e+02
4.600000e-06	2.571656e-09	3.315252e-09	1.396298e+01	8.452005e+02
4.610000e-06	2.548841e-09	3.305762e-09	1.383910e+01	8.422756e+02
4.620000e-06	2.525741e-09	3.294320e-09	1.371368e+01	8.393153e+02
4.630000e-06	2.502394e-09	3.280361e-09	1.358691e+01	8.363197e+02
4.640000e-06	2.478839e-09	3.269953e-09	1.345902e+01	8.332880e+02
4.650000e-06	2.455120e-09	3.259601e-09	1.333023e+01	8.302195e+02
4.660000e-06	2.431279e-09	3.245191e-09	1.320079e+01	8.271129e+02
4.670000e-06	2.407344e-09	3.231965e-09	1.307083e+01	8.239667e+02
4.680000e-06	2.383325e-09	3.220951e-09	1.294042e+01	8.207794e+02
4.690000e-06	2.359226e-09	3.207752e-09	1.280958e+01	8.175495e+02
4.700000e-06	2.335041e-09	3.193842e-09	1.267826e+01	8.142756e+02
4.710000e-06	2.310755e-09	3.180782e-09	1.254640e+01	8.109563e+02
4.720000e-06	2.286358e-09	3.166357e-09	1.241393e+01	8.075908e+02
4.730000e-06	2.261829e-09	3.152170e-09	1.228075e+01	8.041786e+02
4.740000e-06	2.237142e-09	3.139812e-09	1.214671e+01	8.007192e+02
4.750000e-06	2.212284e-09	3.126239e-09	1.201174e+01	7.972128e+02
4.760000e-06	2.187247e-09	3.111143e-09	1.187580e+01	7.936596e+02
4.770000e-06	2.162026e-09	3.097205e-09	1.173886e+01	7.900599e+02
4.780000e-06	2.136625e-09	3.083051e-09	1.160095e+01	7.864141e+02
4.790000e-06	2.111062e-09	3.067414e-09	1.146215e+01	7.827224e+02
4.800000e-06	2.085348e-09	3.052562e-09	1.132253e+01	7.789847e+02
4.810000e-06	2.059502e-09	3.037974e-09	1.118220e+01	7.752005e+02
4.820000e-06	2.033524e-09	3.022215e-09	1.104115e+01	7.713690e+02
4.830000e-06	2.007416e-09	3.006951e-09	1.089940e+01	7.674888e+02
4.840000e-06	1.981181e-09	2.992075e-09	1.075695e+01	7.635578e+02
4.850000e-06	1.954807e-09	2.975664e-09	1.061375e+01	7.595738e+02
4.860000e-06	1.928291e-09	2.958776e-09	1.046979e+01	7.555340e+02
4.870000e-06	1.901629e-09	2.942799e-09	1.032502e+01	7.514357e+02
4.880000e-06	1.874814e-09	2.926460e-09	1.017943e+01	7.472758e+02
4.890000e-06	1.847843e-09	2.909552e-09	1.003298e+01	7.430516e+02
4.900000e-06	1.820715e-09	2.892858e-09	9.885692e+00	7.387607e+02
4.910000e-06	1.793436e-09	2.875461e-09	9.737577e+00	7.344011e+02
4.920000e-06	1.766015e-09	2.857428e-09	9.588692e+00	7.299716e+02
4.930000e-06	1.738464e-09	2.839953e-09	9.439105e+00	7.254713e+02
4.940000e-06	1.710795e-09	2.822544e-09	9.288874e+00	7.209006e+02
4.950000e-06	1.683028e-09	2.804209e-09	9.138109e+00	7.162600e+02
4.960000e-06	1.655178e-09	2.785291e-09	8.986897e+00	7.115511e+02
4.970000e-06	1.627258e-09	2.766490e-09	8.835304e+00	7.067755e+02
4.980000e-06	1.599280e-09	2.747617e-09	8.683394e+00	7.019355e+02
4.990000e-06	1.571251e-09	2.728378e-09	8.531209e+00	6.970332e+02
5.000000e-06	1.543177e-09	2.708663e-09	8.378779e+00	6.920707e+02
5.010000e-06	1.515063e-09	2.688555e-09	8.226131e+00	6.870496e+02
5.020000e-06	1.486907e-09	2.668851e-09	8.073260e+00	6.819711e+02
5.030000e-06	1.458706e-09	2.649586e-09	7.920140e+00	6.768357e+02
5.040000e-06	1.430449e-09	2.629853e-09	7.766716e+00	6.716432e+02
5.050000e-06	1.402128e-09	2.609514e-09	7.612945e+00	6.663925e+02
5.060000e-06	1.373735e-09	2.588673e-09	7.458780e+00	6.610820e+02
5.070000e-06	1.345259e-09	2.567410e-09	7.304173e+00	6.557091e+02
5.080000e-06	1.316686e-09	2.546448e-09	7.149029e+00	6.502710e+02
5.090000e-06	1.288001e-09	2.525707e-09	6.993282e+00	6.447643e+02
5.100000e-06	1.259198e-09	2.504273e-09	6.836895e+00	6.391856e+02
5.110000e-06	1.230264e-09	2.482135e-09	6.679799e+00	6.335311e+02
5.120000e-06	1.201193e-09	2.459836e-09	6.521952e+00	6.277977e+02
5.130000e-06	1.171983e-09	2.437222e-09	6.363358e+00	6.219820e+02
5.140000e-06	1.142638e-09	2.414107e-09	6.204028e+00	6.160815e+02
5.150000e-06	1.113159e-09	2.390829e-09	6.043969e+00	6.100936e+02
5.160000e-06	1.083541e-09	2.367262e-09	5.883156e+00	6.040163e+02
5.170000e-06	1.053785e-09	2.343433e-09	5.721591e+00	5.978482e+02
5.180000e-06	1.023895e-09	2.319413e-09	5.559304e+00	5.915876e+02
5.190000e-06	9.938674e-10	2.294534e-09	5.396266e+00	5.852334e+02
5.200000e-06	9.637053e-10	2.268962e-09	5.232499e+00	5.787842e+02
5.210000e-06	9.334135e-10	2.243414e-09	5.068027e+00	5.722386e+02
5.220000e-06	9.029905e-10	2.217536e-09	4.902844e+00	5.655949e+02
5.230000e-06	8.724382e-10	2.191228e-09	4.736958e+00	5.588510e+02
5.240000e-06	8.417653e-10	2.164672e-09	4.570418e+00	5.520047e+02
5.250000e-06	8.109862e-10	2.137176e-09	4.403300e+00	5.450530e+02
5.260000e-06	7.801067e-10	2.108669e-09	4.235638e+00	5.379929e+02
5.270000e-06	7.491341e-10	2.080550e-09	4.067470e+00	5.308210e+02
5.280000e-06	7.180825e-10	2.052834e-09	3.898873e+00	5.235339e+02
5.290000e-06	6.869612e-10	2.023824e-09	3.729898e+00	5.161281e+02
5.300000e-06	6.557807e-10	1.993784e-09	3.560602e+00	5.086003e+02
5.310000e-06	6.245470e-10	1.963829e-09	3.391016e+00	5.009478e+02
5.320000e-06	5.932522e-10	1.933336e-09	3.221099e+00	4.931679e+02
5.330000e-06	5.619025e-10	1.901832e-09	3.050884e+00	4.852588e+02
5.340000e-06	5.305071e-10	1.869900e-09	2.880420e+00	4.772193e+02
5.350000e-06	4.990606e-10	1.837835e-09	2.709679e+00	4.690488e+02
5.360000e-06	4.675699e-10	1.805577e-09	2.538698e+00	4.607472e+02
5.370000e-06	4.360400e-10	1.772974e-09	2.367504e+00	4.523151e+02
5.380000e-06	4.044770e-10	1.739699e-09	2.196131e+00	4.437533e+02
5.390000e-06	3.728840e-10	1.705572e-09	2.024594e+00	4.350631e+02
5.400000e-06	3.412623e-10	1.671038e-09	1.852902e+00	4.262458e+02
5.410000e-06	3.096191e-10	1.636274e-09	1.681093e+00	4.173025e+02
5.420000e-06	2.779567e-10	1.601064e-09	1.509180e+00	4.082345e+02
5.430000e-06	2.462841e-10	1.565101e-09	1.337211e+00	3.990424e+02
5.440000e-06	2.146027e-10	1.528348e-09	1.165195e+00	3.897267e+02
5.450000e-06	1.829096e-10	1.491349e-09	9.931154e-01	3.802873e+02
5.460000e-06	1.512083e-10	1.454033e-09	8.209910e-01	3.707240e+02
5.470000e-06	1.195036e-10	1.416114e-09	6.488481e-01	3.610359e+02
5.480000e-06	8.779036e-11	1.377446e-09	4.766589e-01	3.512223e+02
5.490000e-06	5.606698e-11	1.337975e-09	3.044146e-01	3.412822e+02
5.500000e-06	2.433814e-11	1.298211e-09	1.321406e-01	3.312145e+02
5.510000e-06	-7.395843e-12	1.258378e-09	-4.016125e-02	3.210187e+02
5.520000e-06	-3.913173e-11	1.217950e-09	-2.124734e-01	3.106944e+02
5.530000e-06	-7.086171e-11	1.176690e-09	-3.847535e-01	3.002418e+02
5.540000e-06	-1.025845e-10	1.135005e-09	-5.569948e-01	2.896618e+02
5.550000e-06	-1.342984e-10	1.093162e-09	-7.291877e-01	2.789561e+02
5.560000e-06	-1.660028e-10	1.050983e-09	-9.013288e-01	2.681268e+02
5.570000e-06	-1.976930e-10	1.008037e-09	-1.073393e+00	2.571772e+02
5.580000e-06	-2.293618e-10	9.643229e-10	-1.245341e+00	2.461111e+02
5.590000e-06	-2.610120e-10	9.201932e-10	-1.417188e+00	2.349329e+02
5.600000e-06	-2.926425e-10	8.756642e-10	-1.588928e+00	2.236478e+02
5.610000e-06	-3.242525e-10	8.306762e-10	-1.760557e+00	2.122612e+02
5.620000e-06	-3.558398e-10	7.854515e-10	-1.932062e+00	2.007791e+02
5.630000e-06	-3.874008e-10	7.399061e-10	-2.103424e+00	1.892075e+02
5.640000e-06	-4.189341e-10	6.939670e-10	-2.274637e+00	1.775527e+02
5.650000e-06	-4.504342e-10	6.480738e-10	-2.445668e+00	1.658208e+02
5.660000e-06	-4.818993e-10	6.021768e-10	-2.616511e+00	1.540179e+02
5.670000e-06	-5.133264e-10	5.556713e-10	-2.787146e+00	1.421501e+02
5.680000e-06	-5.447058e-10	5.084030e-10	-2.957523e+00	1.302231e+02
5.690000e-06	-5.760322e-10	4.611302e-10	-3.127612e+00	1.182425e+02
5.700000e-06	-6.072982e-10	4.143370e-10	-3.297372e+00	1.062137e+02
5.710000e-06	-6.384972e-10	3.675635e-10	-3.466770e+00	9.414186e+01
5.720000e-06	-6.696254e-10	3.204037e-10	-3.635782e+00	8.203196e+01
5.730000e-06	-7.006754e-10	2.727587e-10	-3.804370e+00	6.988880e+01
5.740000e-06	-7.316454e-10	2.246233e-10	-3.972524e+00	5.771702e+01
5.750000e-06	-7.625318e-10	1.763482e-10	-4.140224e+00	4.552113e+01
5.760000e-06	-7.933262e-10	1.283365e-10	-4.307424e+00	3.330554e+01
5.770000e-06	-8.240256e-10	8.039591e-11	-4.474108e+00	2.107453e+01
5.780000e-06	-8.546239e-10	3.214451e-11	-4.640244e+00	8.832316e+00
5.790000e-06	-8.851154e-10	-1.621045e-11	-4.805800e+00	-3.416997e+00
5.800000e-06	-9.154932e-10	-6.413930e-11	-4.970738e+00	-1.566938e+01
5.810000e-06	-9.457450e-10	-1.116676e-10	-5.134992e+00	-2.792087e+01
5.820000e-06	-9.758576e-10	-1.592058e-10	-5.298491e+00	-4.016762e+01
5.830000e-06	-1.005823e-09	-2.069276e-10	-5.461189e+00	-5.240584e+01
5.840000e-06	-1.035643e-09	-2.549775e-10	-5.623098e+00	-6.463181e+01
5.850000e-06	-1.065318e-09	-3.032800e-10	-5.784220e+00	-7.684190e+01
5.860000e-06	-1.094839e-09	-3.512113e-10	-5.944510e+00	-8.903254e+01
5.870000e-06	-1.124206e-09	-3.986256e-10	-6.103961e+00	-1.012002e+02
5.880000e-06	-1.153430e-09	-4.463545e-10	-6.262630e+00	-1.133415e+02
5.890000e-06	-1.182515e-09	-4.941752e-10	-6.420552e+00	-1.254529e+02
5.900000e-06	-1.211467e-09	-5.412161e-10	-6.577750e+00	-1.375311e+02
5.910000e-06	-1.240297e-09	-5.879604e-10	-6.734283e+00	-1.495729e+02
5.920000e-06	-1.269007e-09	-6.349800e-10	-6.890164e+00	-1.615749e+02
5.930000e-06	-1.297604e-09	-6.823636e-10	-7.045434e+00	-1.735339e+02
5.940000e-06	-1.326101e-09	-7.298896e-10	-7.200163e+00	-1.854468e+02
5.950000e-06	-1.354509e-09	-7.768514e-10	-7.354405e+00	-1.973105e+02
5.960000e-06	-1.382838e-09	-8.227525e-10	-7.508219e+00	-2.091220e+02
5.970000e-06	-1.411096e-09	-8.680642e-10	-7.661646e+00	-2.208782e+02
5.980000e-06	-1.439296e-09	-9.136639e-10	-7.814759e+00	-2.325764e+02
5.990000e-06	-1.467449e-09	-9.595289e-10	-7.967620e+00	-2.442136e+02
6.000000e-06	-1.495560e-09	-1.005078e-09	-8.120250e+00	-2.557872e+02
6.010000e-06	-1.523633e-09	-1.050423e-09	-8.272675e+00	-2.672943e+02
6.020000e-06	-1.551669e-09	-1.095826e-09	-8.424900e+00	-2.787323e+02
6.030000e-06	-1.579664e-09	-1.141009e-09	-8.576901e+00	-2.900987e+02
6.040000e-06	-1.607613e-09	-1.185528e-09	-8.728648e+00	-3.013906e+02
6.050000e-06	-1.635503e-09	-1.229215e-09	-8.880081e+00	-3.126057e+02
6.060000e-06	-1.663321e-09	-1.272554e-09	-9.031122e+00	-3.237412e+02
6.070000e-06	-1.691054e-09	-1.315949e-09	-9.181700e+00	-3.347948e+02
6.080000e-06	-1.718681e-09	-1.359442e-09	-9.331699e+00	-3.457639e+02
6.090000e-06	-1.746178e-09	-1.402814e-09	-9.480996e+00	-3.566460e+02
6.100000e-06	-1.773531e-09	-1.445514e-09	-9.629511e+00	-3.674389e+02
6.110000e-06	-1.800726e-09	-1.487290e-09	-9.777168e+00	-3.781403e+02
6.120000e-06	-1.827758e-09	-1.528624e-09	-9.923944e+00	-3.887479e+02
6.130000e-06	-1.854626e-09	-1.570177e-09	-1.006983e+01	-3.992598e+02
6.140000e-06	-1.881331e-09	-1.611494e-09	-1.021482e+01	-4.096741e+02
6.150000e-06	-1.907885e-09	-1.651831e-09	-1.035900e+01	-4.199890e+02
6.160000e-06	-1.934300e-09	-1.691757e-09	-1.050242e+01	-4.302028e+02
6.170000e-06	-1.960587e-09	-1.731800e-09	-1.064515e+01	-4.403142e+02
6.180000e-06	-1.986752e-09	-1.771733e-09	-1.078721e+01	-4.503217e+02
6.190000e-06	-2.012793e-09	-1.811067e-09	-1.092860e+01	-4.602242e+02
6.200000e-06	-2.038707e-09	-1.849237e-09	-1.106930e+01	-4.700206e+02
6.210000e-06	-2.064489e-09	-1.886586e-09	-1.120929e+01	-4.797098e+02
6.220000e-06	-2.090123e-09	-1.924142e-09	-1.134847e+01	-4.892908e+02
6.230000e-06	-2.115591e-09	-1.961934e-09	-1.148675e+01	-4.987628e+02
6.240000e-06	-2.140882e-09	-1.998831e-09	-1.162407e+01	-5.081250e+02
6.250000e-06	-2.165987e-09	-2.034653e-09	-1.176038e+01	-5.173764e+02
6.260000e-06	-2.190905e-09	-2.070273e-09	-1.189567e+01	-5.265163e+02
6.270000e-06	-2.215643e-09	-2.105750e-09	-1.202999e+01	-5.355440e+02
6.280000e-06	-2.240217e-09	-2.140776e-09	-1.216342e+01	-5.444587e+02
6.290000e-06	-2.264650e-09	-2.175331e-09	-1.229608e+01	-5.532598e+02
6.300000e-06	-2.288963e-09	-2.209340e-09	-1.242809e+01	-5.619468e+02
6.310000e-06	-2.313182e-09	-2.243020e-09	-1.255959e+01	-5.705190e+02
6.320000e-06	-2.337324e-09	-2.276611e-09	-1.269067e+01	-5.789759e+02
6.330000e-06	-2.361397e-09	-2.309698e-09	-1.282137e+01	-5.873170e+02
6.340000e-06	-2.385398e-09	-2.341667e-09	-1.295169e+01	-5.955419e+02
6.350000e-06	-2.409311e-09	-2.372641e-09	-1.308152e+01	-6.036501e+02
6.360000e-06	-2.433111e-09	-2.403540e-09	-1.321075e+01	-6.116410e+02
6.370000e-06	-2.456772e-09	-2.434953e-09	-1.333922e+01	-6.195142e+02
6.380000e-06	-2.480260e-09	-2.466147e-09	-1.346675e+01	-6.272689e+02
6.390000e-06	-2.503538e-09	-2.496225e-09	-1.359314e+01	-6.349045e+02
6.400000e-06	-2.526571e-09	-2.525695e-09	-1.371819e+01	-6.424202e+02
6.410000e-06	-2.549329e-09	-2.554943e-09	-1.384176e+01	-6.498153e+02
6.420000e-06	-2.571783e-09	-2.583538e-09	-1.396368e+01	-6.570890e+02
6.430000e-06	-2.593898e-09	-2.611649e-09	-1.408375e+01	-6.642405e+02
6.440000e-06	-2.615671e-09	-2.639357e-09	-1.420197e+01	-6.712694e+02
6.450000e-06	-2.637120e-09	-2.666164e-09	-1.431843e+01	-6.781753e+02
6.460000e-06	-2.658257e-09	-2.692399e-09	-1.443319e+01	-6.849581e+02
6.470000e-06	-2.679110e-09	-2.718616e-09	-1.454642e+01	-6.916183e+02
6.480000e-06	-2.699725e-09	-2.744216e-09	-1.465834e+01	-6.981565e+02
6.490000e-06	-2.720151e-09	-2.768972e-09	-1.476925e+01	-7.045741e+02
6.500000e-06	-2.740434e-09	-2.793716e-09	-1.487938e+01	-7.108728e+02
6.510000e-06	-2.760610e-09	-2.818576e-09	-1.498892e+01	-7.170550e+02
6.520000e-06	-2.780697e-09	-2.842662e-09	-1.509799e+01	-7.231233e+02
6.530000e-06	-2.800698e-09	-2.865715e-09	-1.520659e+01	-7.290809e+02
6.540000e-06	-2.820599e-09	-2.888088e-09	-1.531464e+01	-7.349310e+02
6.550000e-06	-2.840368e-09	-2.909922e-09	-1.542198e+01	-7.406770e+02
6.560000e-06	-2.859967e-09	-2.931637e-09	-1.552839e+01	-7.463222e+02
6.570000e-06	-2.879364e-09	-2.953349e-09	-1.563371e+01	-7.518697e+02
6.580000e-06	-2.898535e-09	-2.974492e-09	-1.573780e+01	-7.573221e+02
6.590000e-06	-2.917473e-09	-2.995126e-09	-1.584062e+01	-7.626815e+02
6.600000e-06	-2.936183e-09	-3.015914e-09	-1.594221e+01	-7.679494e+02
6.610000e-06	-2.954686e-09	-3.036590e-09	-1.604267e+01	-7.731265e+02
6.620000e-06	-2.972999e-09	-3.056523e-09	-1.614211e+01	-7.782127e+02
6.630000e-06	-2.991141e-09	-3.075891e-09	-1.624061e+01	-7.832072e+02
6.640000e-06	-3.009122e-09	-3.094804e-09	-1.633824e+01	-7.881087e+02
6.650000e-06	-3.026922e-09	-3.113007e-09	-1.643488e+01	-7.929152e+02
6.660000e-06	-3.044512e-09	-3.130920e-09	-1.653039e+01	-7.976245e+02
6.670000e-06	-3.061872e-09	-3.149292e-09	-1.662465e+01	-8.022342e+02
6.680000e-06	-3.078989e-09	-3.167753e-09	-1.671759e+01	-8.067420e+02
6.690000e-06	-3.095863e-09	-3.185693e-09	-1.680921e+01	-8.111458e+02
6.700000e-06	-3.112510e-09	-3.202979e-09	-1.689959e+01	-8.154440e+02
6.710000e-06	-3.128965e-09	-3.219396e-09	-1.698894e+01	-8.196358e+02
6.720000e-06	-3.145262e-09	-3.235100e-09	-1.707742e+01	-8.237209e+02
6.730000e-06	-3.161429e-09	-3.250503e-09	-1.716520e+01	-8.276997e+02
6.740000e-06	-3.177477e-09	-3.265720e-09	-1.725234e+01	-8.315739e+02
6.750000e-06	-3.193389e-09	-3.280789e-09	-1.733873e+01	-8.353453e+02
6.760000e-06	-3.209121e-09	-3.295685e-09	-1.742414e+01	-8.390169e+02
6.770000e-06	-3.224605e-09	-3.310078e-09	-1.750822e+01	-8.425920e+02
6.780000e-06	-3.239766e-09	-3.323841e-09	-1.759054e+01	-8.460743e+02
6.790000e-06	-3.254544e-09	-3.337067e-09	-1.767077e+01	-8.494677e+02
6.800000e-06	-3.268903e-09	-3.349864e-09	-1.774874e+01	-8.527762e+02
6.810000e-06	-3.282835e-09	-3.362661e-09	-1.782438e+01	-8.560036e+02
6.820000e-06	-3.296353e-09	-3.375660e-09	-1.789778e+01	-8.591536e+02
6.830000e-06	-3.309501e-09	-3.388360e-09	-1.796917e+01	-8.622295e+02
6.840000e-06	-3.322340e-09	-3.400419e-09	-1.803887e+01	-8.652342e+02
6.850000e-06	-3.334917e-09	-3.411946e-09	-1.810716e+01	-8.681702e+02
6.860000e-06	-3.347274e-09	-3.422817e-09	-1.817426e+01	-8.710398e+02
6.870000e-06	-3.359438e-09	-3.433163e-09	-1.824030e+01	-8.738448e+02
6.880000e-06	-3.371406e-09	-3.443466e-09	-1.830528e+01	-8.765871e+02
6.890000e-06	-3.383157e-09	-3.453693e-09	-1.836909e+01	-8.792680e+02
6.900000e-06	-3.394662e-09	-3.463797e-09	-1.843155e+01	-8.818893e+02
6.910000e-06	-3.405892e-09	-3.474058e-09	-1.849253e+01	-8.844525e+02
6.920000e-06	-3.416846e-09	-3.484197e-09	-1.855200e+01	-8.869593e+02
6.930000e-06	-3.427536e-09	-3.493543e-09	-1.861005e+01	-8.894115e+02
6.940000e-06	-3.437985e-09	-3.502230e-09	-1.866678e+01	-8.918110e+02
6.950000e-06	-3.448226e-09	-3.510967e-09	-1.872238e+01	-8.941599e+02
6.960000e-06	-3.458268e-09	-3.519878e-09	-1.877691e+01	-8.964601e+02
6.970000e-06	-3.468103e-09	-3.528771e-09	-1.883031e+01	-8.987136e+02
6.980000e-06	-3.477707e-09	-3.537633e-09	-1.888245e+01	-9.009222e+02
6.990000e-06	-3.487046e-09	-3.546209e-09	-1.893316e+01	-9.030874e+02
7.000000e-06	-3.496112e-09	-3.554475e-09	-1.898238e+01	-9.052105e+02
7.010000e-06	-3.504909e-09	-3.562483e-09	-1.903015e+01	-9.072923e+02
7.020000e-06	-3.513470e-09	-3.569876e-09	-1.907663e+01	-9.093332e+02
7.030000e-06	-3.521837e-09	-3.576852e-09	-1.912206e+01	-9.113332e+02
7.040000e-06	-3.530051e-09	-3.584099e-09	-1.916666e+01	-9.132921e+02
7.050000e-06	-3.538135e-09	-3.591689e-09	-1.921055e+01	-9.152090e+02
7.060000e-06	-3.546081e-09	-3.599325e-09	-1.925369e+01	-9.170832e+02
7.070000e-06	-3.553855e-09	-3.606592e-09	-1.929590e+01	-9.189137e+02
7.080000e-06	-3.561401e-09	-3.613103e-09	-1.933687e+01	-9.206993e+02
7.090000e-06	-3.568662e-09	-3.619292e-09	-1.937629e+01	-9.224394e+02
7.100000e-06	-3.575577e-09	-3.625790e-09	-1.941384e+01	-9.241332e+02
7.110000e-06	-3.582101e-09	-3.632457e-09	-1.944927e+01	-9.257803e+02
7.120000e-06	-3.588205e-09	-3.638877e-09	-1.948241e+01	-9.273807e+02
7.130000e-06	-3.593882e-09	-3.644838e-09	-1.951323e+01	-9.289346e+02
7.140000e-06	-3.599142e-09	-3.650479e-09	-1.954179e+01	-9.304427e+02
7.150000e-06	-3.604036e-09	-3.656241e-09	-1.956836e+01	-9.319056e+02
7.160000e-06	-3.608641e-09	-3.662030e-09	-1.959337e+01	-9.333244e+02
7.170000e-06	-3.613027e-09	-3.667216e-09	-1.961718e+01	-9.347000e+02
7.180000e-06	-3.617245e-09	-3.671855e-09	-1.964008e+01	-9.360335e+02
7.190000e-06	-3.621324e-09	-3.676571e-09	-1.966223e+01	-9.373254e+02
7.200000e-06	-3.625261e-09	-3.681415e-09	-1.968361e+01	-9.385765e+02
7.210000e-06	-3.629025e-09	-3.686051e-09	-1.970404e+01	-9.397869e+02
7.220000e-06	-3.632572e-09	-3.690356e-09	-1.972330e+01	-9.409565e+02
7.230000e-06	-3.635854e-09	-3.694320e-09	-1.974112e+01	-9.420849e+02
7.240000e-06	-3.638856e-09	-3.698463e-09	-1.975742e+01	-9.431712e+02
7.250000e-06	-3.641588e-09	-3.703188e-09	-1.977225e+01	-9.442146e+02
7.260000e-06	-3.644076e-09	-3.707526e-09	-1.978576e+01	-9.452138e+02
7.270000e-06	-3.646351e-09	-3.710628e-09	-1.979812e+01	-9.461677e+02
7.280000e-06	-3.648432e-09	-3.713554e-09	-1.980941e+01	-9.470752e+02
7.290000e-06	-3.650315e-09	-3.717323e-09	-1.981964e+01	-9.479353e+02
7.300000e-06	-3.651902e-09	-3.721239e-09	-1.982825e+01	-9.487474e+02
7.310000e-06	-3.653136e-09	-3.724366e-09	-1.983496e+01	-9.495111e+02
7.320000e-06	-3.654116e-09	-3.726978e-09	-1.984027e+01	-9.502264e+02
7.330000e-06	-3.654871e-09	-3.729894e-09	-1.984438e+01	-9.508937e+02
7.340000e-06	-3.655392e-09	-3.732937e-09	-1.984721e+01	-9.515138e+02
