# Temperatura_=_-3.1447004608294926
# Concentracion g/m^3_=_19900.0
# C_Vs_to_Am_M_A/Vsm_=_254322799225.57578
# pendiente_HvsI_1/m_=_3716.3
# ordenada_HvsI_A/m_=_1297.0
# frecuencia_Hz_=_268011.82581998734
# Promedio de 217 ciclos

Tiempo_(s)	Campo_(V.s)	Magnetizacion_(V.s)	Campo_(kA/m)	Magnetizacion_(A/m)
0.000000e+00	-7.288148e-09	-3.613868e-09	-3.827043e+01	-9.252207e+02
1.000000e-08	-7.285804e-09	-3.613254e-09	-3.825813e+01	-9.250388e+02
2.000000e-08	-7.281452e-09	-3.612065e-09	-3.823527e+01	-9.248006e+02
3.000000e-08	-7.275249e-09	-3.611291e-09	-3.820270e+01	-9.245630e+02
4.000000e-08	-7.267215e-09	-3.610316e-09	-3.816052e+01	-9.243502e+02
5.000000e-08	-7.257121e-09	-3.608340e-09	-3.810751e+01	-9.241385e+02
6.000000e-08	-7.244799e-09	-3.606498e-09	-3.804281e+01	-9.238598e+02
7.000000e-08	-7.230226e-09	-3.605372e-09	-3.796629e+01	-9.234237e+02
8.000000e-08	-7.213407e-09	-3.605511e-09	-3.787797e+01	-9.227527e+02
9.000000e-08	-7.194478e-09	-3.602325e-09	-3.777858e+01	-9.218178e+02
1.000000e-07	-7.173295e-09	-3.588433e-09	-3.766734e+01	-9.206620e+02
1.100000e-07	-7.149746e-09	-3.580046e-09	-3.754369e+01	-9.194008e+02
1.200000e-07	-7.124054e-09	-3.581663e-09	-3.740878e+01	-9.181987e+02
1.300000e-07	-7.096781e-09	-3.586323e-09	-3.726557e+01	-9.172268e+02
1.400000e-07	-7.068170e-09	-3.592896e-09	-3.711533e+01	-9.166162e+02
1.500000e-07	-7.037841e-09	-3.567063e-09	-3.695607e+01	-9.164212e+02
1.600000e-07	-7.005935e-09	-3.555484e-09	-3.678853e+01	-9.166045e+02
1.700000e-07	-6.972351e-09	-3.585801e-09	-3.661218e+01	-9.170505e+02
1.800000e-07	-6.936553e-09	-3.574363e-09	-3.642420e+01	-9.175995e+02
1.900000e-07	-6.898833e-09	-3.558680e-09	-3.622614e+01	-9.180927e+02
2.000000e-07	-6.859431e-09	-3.598327e-09	-3.601923e+01	-9.184108e+02
2.100000e-07	-6.817966e-09	-3.604431e-09	-3.580150e+01	-9.184956e+02
2.200000e-07	-6.774526e-09	-3.583714e-09	-3.557339e+01	-9.183466e+02
2.300000e-07	-6.729204e-09	-3.616756e-09	-3.533541e+01	-9.179981e+02
2.400000e-07	-6.681799e-09	-3.622899e-09	-3.508648e+01	-9.174849e+02
2.500000e-07	-6.632365e-09	-3.597962e-09	-3.482690e+01	-9.168127e+02
2.600000e-07	-6.580703e-09	-3.625632e-09	-3.455563e+01	-9.159437e+02
2.700000e-07	-6.526888e-09	-3.629762e-09	-3.427304e+01	-9.148032e+02
2.800000e-07	-6.471284e-09	-3.596601e-09	-3.398106e+01	-9.133037e+02
2.900000e-07	-6.413725e-09	-3.610014e-09	-3.367882e+01	-9.113772e+02
3.000000e-07	-6.354196e-09	-3.615854e-09	-3.336623e+01	-9.090026e+02
3.100000e-07	-6.292861e-09	-3.583229e-09	-3.304415e+01	-9.062180e+02
3.200000e-07	-6.229719e-09	-3.571683e-09	-3.271260e+01	-9.031119e+02
3.300000e-07	-6.164837e-09	-3.566747e-09	-3.237190e+01	-8.997982e+02
3.400000e-07	-6.098107e-09	-3.545011e-09	-3.202149e+01	-8.963829e+02
3.500000e-07	-6.029490e-09	-3.534740e-09	-3.166118e+01	-8.929353e+02
3.600000e-07	-5.959137e-09	-3.526292e-09	-3.129176e+01	-8.894731e+02
3.700000e-07	-5.887100e-09	-3.505084e-09	-3.091349e+01	-8.859666e+02
3.800000e-07	-5.813162e-09	-3.494360e-09	-3.052524e+01	-8.823581e+02
3.900000e-07	-5.737219e-09	-3.483157e-09	-3.012646e+01	-8.785887e+02
4.000000e-07	-5.659418e-09	-3.461386e-09	-2.971792e+01	-8.746222e+02
4.100000e-07	-5.579783e-09	-3.445899e-09	-2.929976e+01	-8.704569e+02
4.200000e-07	-5.498460e-09	-3.428302e-09	-2.887272e+01	-8.661219e+02
4.300000e-07	-5.415706e-09	-3.407982e-09	-2.843818e+01	-8.616616e+02
4.400000e-07	-5.331596e-09	-3.395124e-09	-2.799652e+01	-8.571145e+02
4.500000e-07	-5.246133e-09	-3.379039e-09	-2.754774e+01	-8.524961e+02
4.600000e-07	-5.159378e-09	-3.357323e-09	-2.709219e+01	-8.477929e+02
4.700000e-07	-5.071369e-09	-3.338178e-09	-2.663005e+01	-8.429681e+02
4.800000e-07	-4.981951e-09	-3.318472e-09	-2.616051e+01	-8.379776e+02
4.900000e-07	-4.891014e-09	-3.295756e-09	-2.568300e+01	-8.327877e+02
5.000000e-07	-4.798699e-09	-3.274997e-09	-2.519825e+01	-8.273877e+02
5.100000e-07	-4.705109e-09	-3.254078e-09	-2.470680e+01	-8.217920e+02
5.200000e-07	-4.610305e-09	-3.230610e-09	-2.420898e+01	-8.160314e+02
5.300000e-07	-4.514374e-09	-3.208870e-09	-2.370524e+01	-8.101374e+02
5.400000e-07	-4.417192e-09	-3.186095e-09	-2.319494e+01	-8.041262e+02
5.500000e-07	-4.318625e-09	-3.160687e-09	-2.267736e+01	-7.979895e+02
5.600000e-07	-4.218813e-09	-3.135121e-09	-2.215324e+01	-7.916954e+02
5.700000e-07	-4.117871e-09	-3.108053e-09	-2.162319e+01	-7.851992e+02
5.800000e-07	-4.015799e-09	-3.080989e-09	-2.108721e+01	-7.784588e+02
5.900000e-07	-3.912723e-09	-3.055180e-09	-2.054595e+01	-7.714488e+02
6.000000e-07	-3.808697e-09	-3.027325e-09	-1.999970e+01	-7.641673e+02
6.100000e-07	-3.703554e-09	-2.996453e-09	-1.944759e+01	-7.566330e+02
6.200000e-07	-3.597145e-09	-2.965369e-09	-1.888884e+01	-7.488734e+02
6.300000e-07	-3.489543e-09	-2.933934e-09	-1.832381e+01	-7.409099e+02
6.400000e-07	-3.380936e-09	-2.901535e-09	-1.775351e+01	-7.327458e+02
6.500000e-07	-3.271424e-09	-2.868879e-09	-1.717845e+01	-7.243617e+02
6.600000e-07	-3.161026e-09	-2.834764e-09	-1.659875e+01	-7.157208e+02
6.700000e-07	-3.049775e-09	-2.799104e-09	-1.601456e+01	-7.067798e+02
6.800000e-07	-2.937638e-09	-2.762906e-09	-1.542573e+01	-6.975034e+02
6.900000e-07	-2.824487e-09	-2.725748e-09	-1.483157e+01	-6.878736e+02
7.000000e-07	-2.710232e-09	-2.686469e-09	-1.423161e+01	-6.778914e+02
7.100000e-07	-2.594932e-09	-2.645064e-09	-1.362617e+01	-6.675708e+02
7.200000e-07	-2.478741e-09	-2.602690e-09	-1.301604e+01	-6.569263e+02
7.300000e-07	-2.361804e-09	-2.560126e-09	-1.240200e+01	-6.459611e+02
7.400000e-07	-2.244183e-09	-2.516559e-09	-1.178437e+01	-6.346591e+02
7.500000e-07	-2.125911e-09	-2.470579e-09	-1.116332e+01	-6.229849e+02
7.600000e-07	-2.007062e-09	-2.421956e-09	-1.053923e+01	-6.108913e+02
7.700000e-07	-1.887704e-09	-2.371414e-09	-9.912479e+00	-5.983307e+02
7.800000e-07	-1.767876e-09	-2.319427e-09	-9.283254e+00	-5.852649e+02
7.900000e-07	-1.647598e-09	-2.265785e-09	-8.651669e+00	-5.716697e+02
8.000000e-07	-1.526864e-09	-2.209987e-09	-8.017688e+00	-5.575330e+02
8.100000e-07	-1.405659e-09	-2.151707e-09	-7.381238e+00	-5.428452e+02
8.200000e-07	-1.284018e-09	-2.091476e-09	-6.742494e+00	-5.275889e+02
8.300000e-07	-1.162006e-09	-2.029473e-09	-6.101805e+00	-5.117301e+02
8.400000e-07	-1.039698e-09	-1.964692e-09	-5.459562e+00	-4.952155e+02
8.500000e-07	-9.171589e-10	-1.896282e-09	-4.816105e+00	-4.779768e+02
8.600000e-07	-7.944063e-10	-1.824508e-09	-4.171526e+00	-4.599405e+02
8.700000e-07	-6.714264e-10	-1.749779e-09	-3.525753e+00	-4.410376e+02
8.800000e-07	-5.482468e-10	-1.671850e-09	-2.878931e+00	-4.212115e+02
8.900000e-07	-4.249397e-10	-1.590311e-09	-2.231439e+00	-4.004193e+02
9.000000e-07	-3.015687e-10	-1.504209e-09	-1.583610e+00	-3.786286e+02
9.100000e-07	-1.781663e-10	-1.413455e-09	-9.356175e-01	-3.558115e+02
9.200000e-07	-5.474432e-11	-1.319086e-09	-2.875218e-01	-3.319402e+02
9.300000e-07	6.868406e-11	-1.220594e-09	3.606076e-01	-3.069874e+02
9.400000e-07	1.921022e-10	-1.117032e-09	1.008683e+00	-2.809340e+02
9.500000e-07	3.154903e-10	-1.008956e-09	1.656601e+00	-2.537794e+02
9.600000e-07	4.388100e-10	-8.970242e-10	2.304160e+00	-2.255532e+02
9.700000e-07	5.620096e-10	-7.815839e-10	2.951088e+00	-1.963214e+02
9.800000e-07	6.850500e-10	-6.632696e-10	3.597179e+00	-1.661840e+02
9.900000e-07	8.079096e-10	-5.416786e-10	4.242321e+00	-1.352647e+02
1.000000e-06	9.305776e-10	-4.165429e-10	4.886456e+00	-1.036939e+02
1.010000e-06	1.053038e-09	-2.893156e-10	5.529498e+00	-7.159248e+01
1.020000e-06	1.175241e-09	-1.609523e-10	6.171190e+00	-3.906013e+01
1.030000e-06	1.297098e-09	-3.101542e-11	6.811069e+00	-6.174318e+00
1.040000e-06	1.418547e-09	1.002981e-10	7.448800e+00	2.700125e+01
1.050000e-06	1.539570e-09	2.319235e-10	8.084299e+00	6.040117e+01
1.060000e-06	1.660161e-09	3.638967e-10	8.717526e+00	9.394205e+01
1.070000e-06	1.780300e-09	4.964025e-10	9.348383e+00	1.275116e+02
1.080000e-06	1.899966e-09	6.285124e-10	9.976758e+00	1.609674e+02
1.090000e-06	2.019153e-09	7.594105e-10	1.060261e+01	1.941465e+02
1.100000e-06	2.137846e-09	8.884325e-10	1.122588e+01	2.268826e+02
1.110000e-06	2.255991e-09	1.014636e-09	1.184627e+01	2.590252e+02
1.120000e-06	2.373515e-09	1.137581e-09	1.246339e+01	2.904545e+02
1.130000e-06	2.490376e-09	1.257646e-09	1.307703e+01	3.210889e+02
1.140000e-06	2.606508e-09	1.375129e-09	1.368685e+01	3.508815e+02
1.150000e-06	2.721762e-09	1.489442e-09	1.429205e+01	3.798094e+02
1.160000e-06	2.835988e-09	1.600008e-09	1.489186e+01	4.078604e+02
1.170000e-06	2.949135e-09	1.706787e-09	1.548600e+01	4.350197e+02
1.180000e-06	3.061271e-09	1.809761e-09	1.607483e+01	4.612633e+02
1.190000e-06	3.172514e-09	1.909047e-09	1.665897e+01	4.865567e+02
1.200000e-06	3.282912e-09	2.004752e-09	1.723868e+01	5.108589e+02
1.210000e-06	3.392427e-09	2.096439e-09	1.781375e+01	5.341292e+02
1.220000e-06	3.501043e-09	2.183823e-09	1.838410e+01	5.563331e+02
1.230000e-06	3.608760e-09	2.267113e-09	1.894973e+01	5.774455e+02
1.240000e-06	3.715439e-09	2.346126e-09	1.950991e+01	5.974520e+02
1.250000e-06	3.820889e-09	2.420345e-09	2.006362e+01	6.163487e+02
1.260000e-06	3.925086e-09	2.489789e-09	2.061077e+01	6.341422e+02
1.270000e-06	4.028147e-09	2.555174e-09	2.115195e+01	6.508517e+02
1.280000e-06	4.130119e-09	2.616919e-09	2.168741e+01	6.665115e+02
1.290000e-06	4.230997e-09	2.674759e-09	2.221712e+01	6.811736e+02
1.300000e-06	4.330778e-09	2.728646e-09	2.274108e+01	6.949073e+02
1.310000e-06	4.429314e-09	2.779302e-09	2.325850e+01	7.077952e+02
1.320000e-06	4.526423e-09	2.827387e-09	2.376842e+01	7.199253e+02
1.330000e-06	4.622161e-09	2.873002e-09	2.427115e+01	7.313803e+02
1.340000e-06	4.716660e-09	2.916148e-09	2.476737e+01	7.422282e+02
1.350000e-06	4.809964e-09	2.956778e-09	2.525731e+01	7.525176e+02
1.360000e-06	4.902136e-09	2.994899e-09	2.574131e+01	7.622774e+02
1.370000e-06	4.993092e-09	3.031014e-09	2.621893e+01	7.715234e+02
1.380000e-06	5.082552e-09	3.065638e-09	2.668869e+01	7.802677e+02
1.390000e-06	5.170476e-09	3.098323e-09	2.715038e+01	7.885274e+02
1.400000e-06	5.257031e-09	3.128781e-09	2.760489e+01	7.963304e+02
1.410000e-06	5.342268e-09	3.157710e-09	2.805247e+01	8.037147e+02
1.420000e-06	5.426214e-09	3.185559e-09	2.849328e+01	8.107236e+02
1.430000e-06	5.508756e-09	3.212180e-09	2.892671e+01	8.173975e+02
1.440000e-06	5.589671e-09	3.237499e-09	2.935160e+01	8.237672e+02
1.450000e-06	5.668925e-09	3.261562e-09	2.976777e+01	8.298507e+02
1.460000e-06	5.746585e-09	3.284709e-09	3.017557e+01	8.356550e+02
1.470000e-06	5.822629e-09	3.307375e-09	3.057488e+01	8.411822e+02
1.480000e-06	5.896864e-09	3.329155e-09	3.096469e+01	8.464366e+02
1.490000e-06	5.969209e-09	3.349381e-09	3.134458e+01	8.514293e+02
1.500000e-06	6.039803e-09	3.368224e-09	3.171527e+01	8.561789e+02
1.510000e-06	6.108748e-09	3.386121e-09	3.207731e+01	8.607077e+02
1.520000e-06	6.176026e-09	3.403275e-09	3.243059e+01	8.650353e+02
1.530000e-06	6.241434e-09	3.419710e-09	3.277405e+01	8.691729e+02
1.540000e-06	6.304946e-09	3.435214e-09	3.310755e+01	8.731208e+02
1.550000e-06	6.366741e-09	3.449806e-09	3.343205e+01	8.768720e+02
1.560000e-06	6.426912e-09	3.463634e-09	3.374800e+01	8.804189e+02
1.570000e-06	6.485299e-09	3.476763e-09	3.405460e+01	8.837613e+02
1.580000e-06	6.541702e-09	3.489452e-09	3.435078e+01	8.869123e+02
1.590000e-06	6.596192e-09	3.501924e-09	3.463691e+01	8.898979e+02
1.600000e-06	6.648736e-09	3.513972e-09	3.491282e+01	8.927510e+02
1.610000e-06	6.699061e-09	3.525429e-09	3.517708e+01	8.955017e+02
1.620000e-06	6.747176e-09	3.536573e-09	3.542974e+01	8.981676e+02
1.630000e-06	6.793384e-09	3.547420e-09	3.567238e+01	9.007481e+02
1.640000e-06	6.837885e-09	3.557453e-09	3.590605e+01	9.032266e+02
1.650000e-06	6.880563e-09	3.566676e-09	3.613016e+01	9.055784e+02
1.660000e-06	6.921205e-09	3.575581e-09	3.634357e+01	9.077825e+02
1.670000e-06	6.959923e-09	3.584567e-09	3.654688e+01	9.098327e+02
1.680000e-06	6.996882e-09	3.593578e-09	3.674096e+01	9.117417e+02
1.690000e-06	7.032016e-09	3.601920e-09	3.692545e+01	9.135378e+02
1.700000e-06	7.065119e-09	3.609269e-09	3.709928e+01	9.152540e+02
1.710000e-06	7.096235e-09	3.616078e-09	3.726267e+01	9.169149e+02
1.720000e-06	7.125567e-09	3.622876e-09	3.741669e+01	9.185261e+02
1.730000e-06	7.153095e-09	3.629506e-09	3.756124e+01	9.200712e+02
1.740000e-06	7.178536e-09	3.635549e-09	3.769484e+01	9.215182e+02
1.750000e-06	7.201828e-09	3.641152e-09	3.781715e+01	9.228327e+02
1.760000e-06	7.223228e-09	3.646525e-09	3.792952e+01	9.239925e+02
1.770000e-06	7.242851e-09	3.651395e-09	3.803256e+01	9.249976e+02
1.780000e-06	7.260503e-09	3.655426e-09	3.812526e+01	9.258709e+02
1.790000e-06	7.275989e-09	3.658461e-09	3.820658e+01	9.266489e+02
1.800000e-06	7.289355e-09	3.660482e-09	3.827676e+01	9.273652e+02
1.810000e-06	7.300494e-09	3.662177e-09	3.833525e+01	9.280351e+02
1.820000e-06	7.309325e-09	3.664422e-09	3.838163e+01	9.286470e+02
1.830000e-06	7.316046e-09	3.667002e-09	3.841692e+01	9.291654e+02
1.840000e-06	7.320846e-09	3.669030e-09	3.844212e+01	9.295451e+02
1.850000e-06	7.323633e-09	3.669914e-09	3.845676e+01	9.297517e+02
1.860000e-06	7.324247e-09	3.669620e-09	3.845999e+01	9.297790e+02
1.870000e-06	7.322807e-09	3.668895e-09	3.845242e+01	9.296562e+02
1.880000e-06	7.319542e-09	3.668383e-09	3.843528e+01	9.294407e+02
1.890000e-06	7.314380e-09	3.667447e-09	3.840818e+01	9.291968e+02
1.900000e-06	7.307148e-09	3.666039e-09	3.837020e+01	9.289696e+02
1.910000e-06	7.297978e-09	3.665375e-09	3.832205e+01	9.287625e+02
1.920000e-06	7.286925e-09	3.665256e-09	3.826401e+01	9.285303e+02
1.930000e-06	7.273725e-09	3.663836e-09	3.819470e+01	9.281913e+02
1.940000e-06	7.258366e-09	3.658125e-09	3.811405e+01	9.276563e+02
1.950000e-06	7.241011e-09	3.653404e-09	3.802292e+01	9.268659e+02
1.960000e-06	7.221210e-09	3.661943e-09	3.791895e+01	9.258217e+02
1.970000e-06	7.198372e-09	3.663312e-09	3.779902e+01	9.246007e+02
1.980000e-06	7.172950e-09	3.651452e-09	3.766553e+01	9.233445e+02
1.990000e-06	7.146255e-09	3.631167e-09	3.752535e+01	9.222262e+02
2.000000e-06	7.118879e-09	3.622753e-09	3.738160e+01	9.214041e+02
2.010000e-06	7.089835e-09	3.650061e-09	3.722909e+01	9.209782e+02
2.020000e-06	7.058444e-09	3.646070e-09	3.706426e+01	9.209618e+02
2.030000e-06	7.025424e-09	3.627896e-09	3.689087e+01	9.212796e+02
2.040000e-06	6.990636e-09	3.662258e-09	3.670820e+01	9.217910e+02
2.050000e-06	6.953375e-09	3.671280e-09	3.651254e+01	9.223314e+02
2.060000e-06	6.914218e-09	3.638436e-09	3.630692e+01	9.227560e+02
2.070000e-06	6.873414e-09	3.650898e-09	3.609266e+01	9.229717e+02
2.080000e-06	6.830737e-09	3.657559e-09	3.586856e+01	9.229481e+02
2.090000e-06	6.786554e-09	3.621071e-09	3.563656e+01	9.227039e+02
2.100000e-06	6.740532e-09	3.628349e-09	3.539489e+01	9.222778e+02
2.110000e-06	6.692308e-09	3.633899e-09	3.514167e+01	9.216944e+02
2.120000e-06	6.642110e-09	3.599516e-09	3.487808e+01	9.209405e+02
2.130000e-06	6.589696e-09	3.610612e-09	3.460285e+01	9.199598e+02
2.140000e-06	6.535148e-09	3.616450e-09	3.431641e+01	9.186682e+02
2.150000e-06	6.478766e-09	3.582889e-09	3.402035e+01	9.169829e+02
2.160000e-06	6.420482e-09	3.577321e-09	3.371430e+01	9.148545e+02
2.170000e-06	6.360498e-09	3.571702e-09	3.339932e+01	9.122880e+02
2.180000e-06	6.298655e-09	3.559203e-09	3.307458e+01	9.093463e+02
2.190000e-06	6.234763e-09	3.550709e-09	3.273908e+01	9.061330e+02
2.200000e-06	6.169135e-09	3.536622e-09	3.239447e+01	9.027623e+02
2.210000e-06	6.101799e-09	3.523638e-09	3.204088e+01	8.993267e+02
2.220000e-06	6.032608e-09	3.507567e-09	3.167756e+01	8.958729e+02
2.230000e-06	5.961467e-09	3.497294e-09	3.130400e+01	8.923960e+02
2.240000e-06	5.888502e-09	3.479345e-09	3.092086e+01	8.888507e+02
2.250000e-06	5.813847e-09	3.463585e-09	3.052884e+01	8.851756e+02
2.260000e-06	5.737239e-09	3.454021e-09	3.012657e+01	8.813197e+02
2.270000e-06	5.658679e-09	3.432291e-09	2.971405e+01	8.772617e+02
2.280000e-06	5.578462e-09	3.421761e-09	2.929282e+01	8.730149e+02
2.290000e-06	5.496717e-09	3.407201e-09	2.886357e+01	8.686179e+02
2.300000e-06	5.413594e-09	3.381695e-09	2.842710e+01	8.641146e+02
2.310000e-06	5.328995e-09	3.365617e-09	2.798286e+01	8.595349e+02
2.320000e-06	5.242755e-09	3.347215e-09	2.753001e+01	8.548812e+02
2.330000e-06	5.155042e-09	3.329519e-09	2.706943e+01	8.501281e+02
2.340000e-06	5.066030e-09	3.312242e-09	2.660202e+01	8.452335e+02
2.350000e-06	4.975772e-09	3.292574e-09	2.612807e+01	8.401559e+02
2.360000e-06	4.884237e-09	3.270993e-09	2.564742e+01	8.348709e+02
2.370000e-06	4.791394e-09	3.247603e-09	2.515990e+01	8.293797e+02
2.380000e-06	4.697188e-09	3.227574e-09	2.466522e+01	8.237055e+02
2.390000e-06	4.601647e-09	3.204467e-09	2.416353e+01	8.178814e+02
2.400000e-06	4.504920e-09	3.181040e-09	2.365561e+01	8.119337e+02
2.410000e-06	4.407009e-09	3.157095e-09	2.314148e+01	8.058681e+02
2.420000e-06	4.307976e-09	3.132449e-09	2.262145e+01	7.996652e+02
2.430000e-06	4.207839e-09	3.110004e-09	2.209562e+01	7.932854e+02
2.440000e-06	4.106420e-09	3.083259e-09	2.156307e+01	7.866835e+02
2.450000e-06	4.003704e-09	3.054700e-09	2.102371e+01	7.798232e+02
2.460000e-06	3.899825e-09	3.026380e-09	2.047823e+01	7.726898e+02
2.470000e-06	3.794931e-09	2.998106e-09	1.992743e+01	7.652914e+02
2.480000e-06	3.689047e-09	2.969558e-09	1.937142e+01	7.576523e+02
2.490000e-06	3.582166e-09	2.939945e-09	1.881019e+01	7.497990e+02
2.500000e-06	3.474373e-09	2.908373e-09	1.824416e+01	7.417459e+02
2.510000e-06	3.365667e-09	2.874353e-09	1.767334e+01	7.334861e+02
2.520000e-06	3.255994e-09	2.841027e-09	1.709744e+01	7.249914e+02
2.530000e-06	3.145309e-09	2.806591e-09	1.651623e+01	7.162202e+02
2.540000e-06	3.033588e-09	2.770580e-09	1.592958e+01	7.071316e+02
2.550000e-06	2.920838e-09	2.733550e-09	1.533753e+01	6.976971e+02
2.560000e-06	2.807092e-09	2.695145e-09	1.474024e+01	6.879075e+02
2.570000e-06	2.692457e-09	2.656188e-09	1.413829e+01	6.777710e+02
2.580000e-06	2.577040e-09	2.615486e-09	1.353223e+01	6.673032e+02
2.590000e-06	2.460809e-09	2.572752e-09	1.292189e+01	6.565150e+02
2.600000e-06	2.343695e-09	2.528091e-09	1.230692e+01	6.454012e+02
2.610000e-06	2.225699e-09	2.482405e-09	1.168732e+01	6.339367e+02
2.620000e-06	2.106903e-09	2.436158e-09	1.106352e+01	6.220796e+02
2.630000e-06	1.987439e-09	2.388599e-09	1.043621e+01	6.097812e+02
2.640000e-06	1.867439e-09	2.339090e-09	9.806082e+00	5.969969e+02
2.650000e-06	1.747011e-09	2.287072e-09	9.173709e+00	5.836949e+02
2.660000e-06	1.626191e-09	2.233279e-09	8.539276e+00	5.698570e+02
2.670000e-06	1.504980e-09	2.177459e-09	7.902787e+00	5.554736e+02
2.680000e-06	1.383396e-09	2.118907e-09	7.264346e+00	5.405328e+02
2.690000e-06	1.261476e-09	2.057897e-09	6.624137e+00	5.250106e+02
2.700000e-06	1.139267e-09	1.994316e-09	5.982413e+00	5.088641e+02
2.710000e-06	1.016824e-09	1.928325e-09	5.339457e+00	4.920323e+02
2.720000e-06	8.941995e-10	1.859686e-09	4.695550e+00	4.744435e+02
2.730000e-06	7.714214e-10	1.787534e-09	4.050835e+00	4.560248e+02
2.740000e-06	6.485005e-10	1.711313e-09	3.405370e+00	4.367123e+02
2.750000e-06	5.254600e-10	1.631459e-09	2.759278e+00	4.164556e+02
2.760000e-06	4.023365e-10	1.548639e-09	2.112749e+00	3.952173e+02
2.770000e-06	2.791783e-10	1.462296e-09	1.466039e+00	3.729677e+02
2.780000e-06	1.560186e-10	1.371768e-09	8.193199e-01	3.496793e+02
2.790000e-06	3.285241e-11	1.276664e-09	1.725672e-01	3.253240e+02
2.800000e-06	-9.033379e-11	1.176915e-09	-4.742906e-01	2.998774e+02
2.810000e-06	-2.135164e-10	1.072982e-09	-1.121130e+00	2.733270e+02
2.820000e-06	-3.366460e-10	9.648883e-10	-1.767690e+00	2.456850e+02
2.830000e-06	-4.596902e-10	8.523535e-10	-2.413802e+00	2.169967e+02
2.840000e-06	-5.826261e-10	7.358681e-10	-3.059346e+00	1.873444e+02
2.850000e-06	-7.054347e-10	6.169273e-10	-3.704220e+00	1.568404e+02
2.860000e-06	-8.281052e-10	4.958812e-10	-4.348370e+00	1.256134e+02
2.870000e-06	-9.506052e-10	3.718454e-10	-4.991624e+00	9.379145e+01
2.880000e-06	-1.072883e-09	2.449672e-10	-5.633712e+00	6.148649e+01
2.890000e-06	-1.194893e-09	1.160848e-10	-6.274392e+00	2.878779e+01
2.900000e-06	-1.316593e-09	-1.395070e-11	-6.913446e+00	-4.234968e+00
2.910000e-06	-1.437942e-09	-1.442769e-10	-7.550652e+00	-3.751945e+01
2.920000e-06	-1.558928e-09	-2.748232e-10	-8.185961e+00	-7.099402e+01
2.930000e-06	-1.679570e-09	-4.059203e-10	-8.819455e+00	-1.045631e+02
2.940000e-06	-1.799849e-09	-5.371173e-10	-9.451051e+00	-1.381006e+02
2.950000e-06	-1.919697e-09	-6.675651e-10	-1.008038e+01	-1.714530e+02
2.960000e-06	-2.038997e-09	-7.969775e-10	-1.070683e+01	-2.044536e+02
2.970000e-06	-2.157629e-09	-9.252214e-10	-1.132977e+01	-2.369410e+02
2.980000e-06	-2.275508e-09	-1.051358e-09	-1.194876e+01	-2.687770e+02
2.990000e-06	-2.392584e-09	-1.173976e-09	-1.256353e+01	-2.998587e+02
3.000000e-06	-2.508832e-09	-1.292487e-09	-1.317395e+01	-3.301208e+02
3.010000e-06	-2.624258e-09	-1.407334e-09	-1.378006e+01	-3.595289e+02
3.020000e-06	-2.738838e-09	-1.519011e-09	-1.438173e+01	-3.880665e+02
3.030000e-06	-2.852458e-09	-1.627660e-09	-1.497835e+01	-4.157214e+02
3.040000e-06	-2.964995e-09	-1.733173e-09	-1.556929e+01	-4.424751e+02
3.050000e-06	-3.076448e-09	-1.834965e-09	-1.615453e+01	-4.682986e+02
3.060000e-06	-3.186904e-09	-1.932580e-09	-1.673454e+01	-4.931536e+02
3.070000e-06	-3.296450e-09	-2.026161e-09	-1.730977e+01	-5.169987e+02
3.080000e-06	-3.405140e-09	-2.115644e-09	-1.788051e+01	-5.397950e+02
3.090000e-06	-3.512974e-09	-2.200611e-09	-1.844676e+01	-5.615121e+02
3.100000e-06	-3.619900e-09	-2.281215e-09	-1.900823e+01	-5.821296e+02
3.110000e-06	-3.725832e-09	-2.357971e-09	-1.956449e+01	-6.016379e+02
3.120000e-06	-3.830727e-09	-2.430893e-09	-2.011530e+01	-6.200379e+02
3.130000e-06	-3.934533e-09	-2.499459e-09	-2.066038e+01	-6.373416e+02
3.140000e-06	-4.037103e-09	-2.563121e-09	-2.119899e+01	-6.535747e+02
3.150000e-06	-4.138348e-09	-2.622149e-09	-2.173063e+01	-6.687793e+02
3.160000e-06	-4.238366e-09	-2.677493e-09	-2.225583e+01	-6.830155e+02
3.170000e-06	-4.337277e-09	-2.729907e-09	-2.277522e+01	-6.963593e+02
3.180000e-06	-4.435081e-09	-2.779475e-09	-2.328879e+01	-7.088970e+02
3.190000e-06	-4.531778e-09	-2.825915e-09	-2.379655e+01	-7.207151e+02
3.200000e-06	-4.627365e-09	-2.869505e-09	-2.429848e+01	-7.318910e+02
3.210000e-06	-4.721665e-09	-2.910967e-09	-2.479366e+01	-7.424841e+02
3.220000e-06	-4.814546e-09	-2.950466e-09	-2.528138e+01	-7.525338e+02
3.230000e-06	-4.906091e-09	-2.987643e-09	-2.576209e+01	-7.620622e+02
3.240000e-06	-4.996296e-09	-3.022395e-09	-2.623576e+01	-7.710821e+02
3.250000e-06	-5.085150e-09	-3.055368e-09	-2.670234e+01	-7.796069e+02
3.260000e-06	-5.172701e-09	-3.087410e-09	-2.716207e+01	-7.876584e+02
3.270000e-06	-5.258789e-09	-3.118361e-09	-2.761413e+01	-7.952692e+02
3.280000e-06	-5.343321e-09	-3.147158e-09	-2.805801e+01	-8.024805e+02
3.290000e-06	-5.426428e-09	-3.173495e-09	-2.849441e+01	-8.093354e+02
3.300000e-06	-5.508132e-09	-3.198145e-09	-2.892344e+01	-8.158705e+02
3.310000e-06	-5.588403e-09	-3.222051e-09	-2.934495e+01	-8.221109e+02
3.320000e-06	-5.667070e-09	-3.245147e-09	-2.975804e+01	-8.280693e+02
3.330000e-06	-5.743890e-09	-3.266915e-09	-3.016142e+01	-8.337497e+02
3.340000e-06	-5.818891e-09	-3.287285e-09	-3.055526e+01	-8.391544e+02
3.350000e-06	-5.892208e-09	-3.306788e-09	-3.094025e+01	-8.442903e+02
3.360000e-06	-5.963878e-09	-3.325956e-09	-3.131659e+01	-8.491721e+02
3.370000e-06	-6.033767e-09	-3.344309e-09	-3.168358e+01	-8.538207e+02
3.380000e-06	-6.101840e-09	-3.361633e-09	-3.204104e+01	-8.582580e+02
3.390000e-06	-6.168225e-09	-3.378014e-09	-3.238963e+01	-8.625004e+02
3.400000e-06	-6.232944e-09	-3.393699e-09	-3.272948e+01	-8.665541e+02
3.410000e-06	-6.295887e-09	-3.409198e-09	-3.305999e+01	-8.704155e+02
3.420000e-06	-6.356897e-09	-3.424227e-09	-3.338036e+01	-8.740765e+02
3.430000e-06	-6.416009e-09	-3.438010e-09	-3.369076e+01	-8.775317e+02
3.440000e-06	-6.473377e-09	-3.450292e-09	-3.399200e+01	-8.807867e+02
3.450000e-06	-6.528972e-09	-3.461676e-09	-3.428394e+01	-8.838605e+02
3.460000e-06	-6.582510e-09	-3.472792e-09	-3.456507e+01	-8.867834e+02
3.470000e-06	-6.633855e-09	-3.483642e-09	-3.483468e+01	-8.895883e+02
3.480000e-06	-6.682973e-09	-3.493967e-09	-3.509261e+01	-8.923006e+02
3.490000e-06	-6.729951e-09	-3.503587e-09	-3.533929e+01	-8.949300e+02
3.500000e-06	-6.775169e-09	-3.512700e-09	-3.557673e+01	-8.974682e+02
3.510000e-06	-6.818800e-09	-3.521501e-09	-3.580584e+01	-8.998936e+02
3.520000e-06	-6.860757e-09	-3.530062e-09	-3.602616e+01	-9.021816e+02
3.530000e-06	-6.900970e-09	-3.538143e-09	-3.623732e+01	-9.043171e+02
3.540000e-06	-6.939258e-09	-3.545343e-09	-3.643837e+01	-9.063022e+02
3.550000e-06	-6.975544e-09	-3.551734e-09	-3.662891e+01	-9.081574e+02
3.560000e-06	-7.009937e-09	-3.557728e-09	-3.680952e+01	-9.099147e+02
3.570000e-06	-7.042469e-09	-3.563614e-09	-3.698034e+01	-9.116048e+02
3.580000e-06	-7.073008e-09	-3.569469e-09	-3.714071e+01	-9.132447e+02
3.590000e-06	-7.101515e-09	-3.575030e-09	-3.729040e+01	-9.148300e+02
3.600000e-06	-7.128100e-09	-3.580003e-09	-3.743000e+01	-9.163360e+02
3.610000e-06	-7.152792e-09	-3.584721e-09	-3.755966e+01	-9.177280e+02
3.620000e-06	-7.175486e-09	-3.589250e-09	-3.767882e+01	-9.189753e+02
3.630000e-06	-7.196131e-09	-3.593186e-09	-3.778724e+01	-9.200650e+02
3.640000e-06	-7.214849e-09	-3.596519e-09	-3.788553e+01	-9.210080e+02
3.650000e-06	-7.231655e-09	-3.599576e-09	-3.797378e+01	-9.218349e+02
3.660000e-06	-7.246326e-09	-3.602629e-09	-3.805082e+01	-9.225827e+02
3.670000e-06	-7.258687e-09	-3.605661e-09	-3.811572e+01	-9.232786e+02
3.680000e-06	-7.268882e-09	-3.608158e-09	-3.816926e+01	-9.239262e+02
3.690000e-06	-7.277080e-09	-3.609778e-09	-3.821231e+01	-9.245020e+02
3.700000e-06	-7.283181e-09	-3.610949e-09	-3.824435e+01	-9.249642e+02
3.710000e-06	-7.287178e-09	-3.612036e-09	-3.826534e+01	-9.252697e+02
3.720000e-06	-7.289206e-09	-3.613086e-09	-3.827599e+01	-9.253952e+02
3.730000e-06	-7.289255e-09	-3.613766e-09	-3.827624e+01	-9.253505e+02
