# Configuracion:
# Concentracion g/m^3_=_19900.0
# C_Vs_to_Am_M_A/Vsm_=_254322799225.57578
# pendiente_HvsI_1/m_=_3716.3
# ordenada_HvsI_A/m_=_1297.0
# frecuencia_ref_Hz_=_268011.82581998734
# 
Resultados:
# tau_s_=_(8.75+/-1.72)e-08
# dphi_rad_=_6.43+/-0.03
# SAR_W/g_=_323.38+/-96.71
# Hc_kA/m_=_6.64+/-1.19
# Mr_A/m_=_319.91+/-107.25
# Suceptibilidad_a_M=0_=_0.0521+/-0.0112

Nombre_archivo	Time_m	Temperatura_(ºC)	Mr_(A/m)	Hc_(kA/m)	Campo_max_(A/m)	Mag_max_(A/m)	f0	mag0	dphi0	SAR_(W/g)	Tau_(s)	N	xi_M_0
265kHz_100dA_100Mss_NE5X014.txt	04/07/2024 17:45:33	-35.4	167.03	5.26	38460.00	770.76	2.680366e+05	1.259167e+01	6.396180e+00	195.88	6.739261e-08	4477	3.416e-02
265kHz_100dA_100Mss_NE5X015.txt	04/07/2024 17:45:33	-35.4	165.91	5.17	38460.00	778.84	2.680366e+05	1.271064e+01	6.392821e+00	191.87	6.537285e-08	4477	3.428e-02
265kHz_100dA_100Mss_NE5X016.txt	04/07/2024 17:45:34	-33.8	166.90	5.16	38460.00	776.40	2.680366e+05	1.269308e+01	6.393644e+00	193.04	6.586763e-08	4477	3.454e-02
265kHz_100dA_100Mss_NE5X017.txt	04/07/2024 17:45:34	-33.8	170.21	5.25	38460.00	773.35	2.680366e+05	1.268738e+01	6.398648e+00	201.66	6.887739e-08	4477	3.476e-02
265kHz_100dA_100Mss_NE5X018.txt	04/07/2024 17:45:35	-31.7	163.40	5.06	38460.00	777.44	2.680366e+05	1.269214e+01	6.390206e+00	187.04	6.380058e-08	4477	3.445e-02
265kHz_100dA_100Mss_NE5X019.txt	04/07/2024 17:45:36	-28.3	165.47	5.15	38460.00	766.11	2.680366e+05	1.255922e+01	6.395194e+00	193.67	6.679884e-08	4477	3.443e-02
265kHz_100dA_100Mss_NE5X020.txt	04/07/2024 17:45:36	-28.3	162.48	5.05	38460.00	767.25	2.680366e+05	1.255279e+01	6.391272e+00	186.82	6.444124e-08	4477	3.433e-02
265kHz_100dA_100Mss_NE5X021.txt	04/07/2024 17:45:37	-26.2	157.68	4.89	38460.00	770.58	2.680366e+05	1.257404e+01	6.384129e+00	174.82	6.015325e-08	4477	3.436e-02
265kHz_100dA_100Mss_NE5X022.txt	04/07/2024 17:45:37	-26.2	165.18	5.10	38460.00	764.82	2.680366e+05	1.255523e+01	6.395012e+00	193.30	6.668996e-08	4477	3.456e-02
265kHz_100dA_100Mss_NE5X023.txt	04/07/2024 17:45:38	-24.4	161.32	4.98	38460.00	766.78	2.680366e+05	1.255272e+01	6.389506e+00	183.78	6.338072e-08	4477	3.445e-02
265kHz_100dA_100Mss_NE5X024.txt	04/07/2024 17:45:38	-24.4	156.37	4.81	38460.00	772.37	2.680366e+05	1.260084e+01	6.382264e+00	171.96	5.903442e-08	4477	3.466e-02
265kHz_100dA_100Mss_NE5X025.txt	04/07/2024 17:45:39	-22.9	158.29	4.87	38460.00	767.40	2.680366e+05	1.254746e+01	6.385703e+00	177.16	6.109745e-08	4477	3.457e-02
265kHz_100dA_100Mss_NE5X026.txt	04/07/2024 17:45:39	-22.9	159.84	4.92	38460.00	765.47	2.679768e+05	1.254183e+01	6.388374e+00	181.63	6.270074e-08	4478	3.472e-02
265kHz_100dA_100Mss_NE5X027.txt	04/07/2024 17:45:40	-22.2	161.57	4.97	38460.00	766.71	2.679768e+05	1.257808e+01	6.390919e+00	186.55	6.423020e-08	4478	3.466e-02
265kHz_100dA_100Mss_NE5X028.txt	04/07/2024 17:45:40	-22.2	163.60	5.02	38460.00	761.84	2.679768e+05	1.252510e+01	6.394106e+00	191.24	6.614558e-08	4478	3.466e-02
265kHz_100dA_100Mss_NE5X029.txt	04/07/2024 17:45:41	-21.1	156.43	4.82	38460.00	767.24	2.679768e+05	1.254154e+01	6.384103e+00	174.28	6.013774e-08	4478	3.459e-02
265kHz_100dA_100Mss_NE5X030.txt	04/07/2024 17:45:41	-21.1	158.29	4.88	38460.00	764.41	2.679768e+05	1.251718e+01	6.387010e+00	178.93	6.188221e-08	4478	3.444e-02
265kHz_100dA_100Mss_NE5X031.txt	04/07/2024 17:45:42	-19.9	158.41	4.88	38460.00	763.17	2.680366e+05	1.250180e+01	6.387176e+00	179.04	6.198190e-08	4477	3.447e-02
265kHz_100dA_100Mss_NE5X032.txt	04/07/2024 17:45:42	-19.9	156.27	4.82	38460.00	766.58	2.679768e+05	1.253639e+01	6.384619e+00	175.10	6.044718e-08	4478	3.455e-02
265kHz_100dA_100Mss_NE5X033.txt	04/07/2024 17:45:43	-18.8	163.36	5.02	38460.00	760.17	2.680366e+05	1.250264e+01	6.394583e+00	191.75	6.643258e-08	4477	3.472e-02
265kHz_100dA_100Mss_NE5X034.txt	04/07/2024 17:45:43	-18.8	157.03	4.80	38460.00	772.05	2.680366e+05	1.262614e+01	6.384668e+00	176.47	6.047635e-08	4477	3.480e-02
265kHz_100dA_100Mss_NE5X035.txt	04/07/2024 17:45:44	-17.6	159.00	4.88	38460.00	765.28	2.680366e+05	1.254143e+01	6.388463e+00	181.82	6.275431e-08	4477	3.465e-02
265kHz_100dA_100Mss_NE5X036.txt	04/07/2024 17:45:45	-16.6	156.66	4.80	38460.00	765.72	2.680366e+05	1.253593e+01	6.385170e+00	176.08	6.077749e-08	4477	3.467e-02
265kHz_100dA_100Mss_NE5X037.txt	04/07/2024 17:45:45	-16.6	159.15	4.87	38460.00	761.25	2.680366e+05	1.250269e+01	6.389034e+00	182.24	6.309832e-08	4477	3.479e-02
265kHz_100dA_100Mss_NE5X038.txt	04/07/2024 17:45:46	-15.6	158.45	4.87	38460.00	759.51	2.680366e+05	1.246524e+01	6.389186e+00	181.95	6.318909e-08	4477	3.452e-02
265kHz_100dA_100Mss_NE5X039.txt	04/07/2024 17:45:47	-14.6	162.38	4.96	38460.00	758.99	2.679768e+05	1.250521e+01	6.394526e+00	191.65	6.639786e-08	4478	3.473e-02
265kHz_100dA_100Mss_NE5X040.txt	04/07/2024 17:45:47	-14.6	153.82	4.74	38460.00	765.11	2.680366e+05	1.251526e+01	6.382869e+00	171.83	5.939640e-08	4477	3.454e-02
265kHz_100dA_100Mss_NE5X041.txt	04/07/2024 17:45:48	-13.9	157.91	4.83	38460.00	764.28	2.680366e+05	1.253897e+01	6.387944e+00	180.89	6.244219e-08	4477	3.472e-02
265kHz_100dA_100Mss_NE5X042.txt	04/07/2024 17:45:48	-13.9	158.52	4.86	38460.00	760.25	2.680366e+05	1.248420e+01	6.389115e+00	182.11	6.314530e-08	4477	3.467e-02
265kHz_100dA_100Mss_NE5X043.txt	04/07/2024 17:45:49	-13.1	152.39	4.66	38460.00	768.49	2.680366e+05	1.255772e+01	6.380186e+00	167.79	5.778758e-08	4477	3.484e-02
265kHz_100dA_100Mss_NE5X044.txt	04/07/2024 17:45:49	-13.1	151.50	4.63	38460.00	771.28	2.680366e+05	1.258982e+01	6.378352e+00	165.05	5.668834e-08	4477	3.484e-02
265kHz_100dA_100Mss_NE5X045.txt	04/07/2024 17:45:50	-12.2	153.49	4.69	38460.00	766.48	2.680366e+05	1.254031e+01	6.381654e+00	170.09	5.866821e-08	4477	3.487e-02
265kHz_100dA_100Mss_NE5X046.txt	04/07/2024 17:45:50	-12.2	155.01	4.74	38460.00	764.56	2.680366e+05	1.252399e+01	6.384049e+00	173.98	6.010479e-08	4477	3.474e-02
265kHz_100dA_100Mss_NE5X047.txt	04/07/2024 17:45:51	-11.6	153.53	4.67	38460.00	770.55	2.680366e+05	1.260147e+01	6.381329e+00	170.35	5.847368e-08	4477	3.497e-02
265kHz_100dA_100Mss_NE5X048.txt	04/07/2024 17:45:51	-11.6	159.67	4.84	38460.00	762.98	2.680366e+05	1.254656e+01	6.390094e+00	184.70	6.373489e-08	4477	3.494e-02
265kHz_100dA_100Mss_NE5X049.txt	04/07/2024 17:45:52	-11.2	158.15	4.81	38460.00	765.20	2.679768e+05	1.256928e+01	6.388654e+00	182.51	6.286990e-08	4478	3.483e-02
265kHz_100dA_100Mss_NE5X050.txt	04/07/2024 17:45:52	-11.2	153.07	4.66	38460.00	770.77	2.679768e+05	1.260641e+01	6.381043e+00	169.89	5.830267e-08	4478	3.499e-02
265kHz_100dA_100Mss_NE5X051.txt	04/07/2024 17:45:53	-11.0	154.72	4.70	38460.00	768.34	2.679768e+05	1.258891e+01	6.383431e+00	173.78	5.973419e-08	4478	3.491e-02
265kHz_100dA_100Mss_NE5X052.txt	04/07/2024 17:45:53	-11.0	160.87	4.90	38460.00	761.36	2.680366e+05	1.253115e+01	6.392672e+00	188.91	6.528268e-08	4477	3.489e-02
265kHz_100dA_100Mss_NE5X053.txt	04/07/2024 17:45:54	-10.6	156.68	4.77	38460.00	765.11	2.680366e+05	1.254937e+01	6.386522e+00	178.60	6.158913e-08	4477	3.484e-02
265kHz_100dA_100Mss_NE5X054.txt	04/07/2024 17:45:54	-10.6	157.05	4.77	38460.00	765.14	2.680366e+05	1.256224e+01	6.386521e+00	178.78	6.158809e-08	4477	3.493e-02
265kHz_100dA_100Mss_NE5X055.txt	04/07/2024 17:45:55	-10.1	155.38	4.71	38460.00	769.97	2.679768e+05	1.262080e+01	6.383977e+00	175.16	6.006213e-08	4478	3.505e-02
265kHz_100dA_100Mss_NE5X056.txt	04/07/2024 17:45:55	-10.1	153.51	4.66	38460.00	771.88	2.679768e+05	1.263063e+01	6.381258e+00	170.59	5.843087e-08	4478	3.499e-02
265kHz_100dA_100Mss_NE5X057.txt	04/07/2024 17:45:56	-9.7	158.93	4.79	38460.00	768.71	2.680366e+05	1.263041e+01	6.388173e+00	182.61	6.258061e-08	4477	3.523e-02
265kHz_100dA_100Mss_NE5X058.txt	04/07/2024 17:45:57	-9.4	157.24	4.76	38460.00	769.50	2.679768e+05	1.262603e+01	6.386068e+00	178.86	6.131686e-08	4478	3.507e-02
265kHz_100dA_100Mss_NE5X059.txt	04/07/2024 17:45:57	-9.4	159.20	4.79	38460.00	769.37	2.680366e+05	1.264662e+01	6.388363e+00	183.17	6.269513e-08	4477	3.534e-02
265kHz_100dA_100Mss_NE5X060.txt	04/07/2024 17:45:58	-8.9	153.20	4.64	38460.00	771.21	2.679768e+05	1.261733e+01	6.380182e+00	168.54	5.778573e-08	4478	3.521e-02
265kHz_100dA_100Mss_NE5X061.txt	04/07/2024 17:45:58	-8.9	158.50	4.77	38460.00	770.01	2.679768e+05	1.265073e+01	6.386473e+00	179.91	6.155970e-08	4478	3.546e-02
265kHz_100dA_100Mss_NE5X062.txt	04/07/2024 17:45:59	-8.4	159.17	4.79	38460.00	771.49	2.680366e+05	1.266689e+01	6.387301e+00	181.62	6.205692e-08	4477	3.531e-02
265kHz_100dA_100Mss_NE5X063.txt	04/07/2024 17:45:59	-8.4	160.96	4.82	38460.00	774.16	2.680366e+05	1.271932e+01	6.388577e+00	184.60	6.282306e-08	4477	3.548e-02
265kHz_100dA_100Mss_NE5X064.txt	04/07/2024 17:46:00	-8.0	164.31	4.90	38460.00	770.16	2.680366e+05	1.269140e+01	6.392589e+00	191.18	6.523341e-08	4477	3.558e-02
265kHz_100dA_100Mss_NE5X065.txt	04/07/2024 17:46:00	-8.0	161.08	4.79	38460.00	773.34	2.679768e+05	1.271004e+01	6.386729e+00	181.20	6.171360e-08	4478	3.577e-02
265kHz_100dA_100Mss_NE5X066.txt	04/07/2024 17:46:01	-7.5	160.86	4.75	38460.00	782.27	2.680366e+05	1.283156e+01	6.383377e+00	177.07	5.970183e-08	4477	3.619e-02
265kHz_100dA_100Mss_NE5X067.txt	04/07/2024 17:46:01	-7.5	168.68	4.91	38460.00	781.59	2.679768e+05	1.288925e+01	6.391331e+00	191.89	6.447736e-08	4478	3.667e-02
265kHz_100dA_100Mss_NE5X068.txt	04/07/2024 17:46:02	-7.0	165.31	4.80	38460.00	791.69	2.679768e+05	1.298672e+01	6.383423e+00	179.25	5.972930e-08	4478	3.701e-02
265kHz_100dA_100Mss_NE5X069.txt	04/07/2024 17:46:02	-7.0	175.96	4.99	38460.00	796.43	2.680366e+05	1.314964e+01	6.392064e+00	197.13	6.491778e-08	4477	3.805e-02
265kHz_100dA_100Mss_NE5X070.txt	04/07/2024 17:46:03	-6.7	179.39	5.04	38460.00	800.73	2.679768e+05	1.322034e+01	6.391811e+00	197.69	6.476511e-08	4478	3.834e-02
265kHz_100dA_100Mss_NE5X071.txt	04/07/2024 17:46:03	-6.7	182.11	5.05	38460.00	811.39	2.679768e+05	1.338466e+01	6.389564e+00	196.02	6.341528e-08	4478	3.902e-02
265kHz_100dA_100Mss_NE5X072.txt	04/07/2024 17:46:04	-6.3	187.78	5.12	38460.00	816.72	2.679768e+05	1.348993e+01	6.390837e+00	199.92	6.418040e-08	4478	3.997e-02
265kHz_100dA_100Mss_NE5X073.txt	04/07/2024 17:46:04	-6.3	199.13	5.34	38460.00	818.91	2.680366e+05	1.359727e+01	6.399185e+00	217.12	6.919997e-08	4477	4.069e-02
265kHz_100dA_100Mss_NE5X074.txt	04/07/2024 17:46:05	-5.9	202.50	5.37	38460.00	826.58	2.679768e+05	1.370960e+01	6.397275e+00	215.28	6.805106e-08	4478	4.142e-02
265kHz_100dA_100Mss_NE5X075.txt	04/07/2024 17:46:05	-5.9	212.54	5.56	38460.00	830.07	2.680366e+05	1.382274e+01	6.403659e+00	229.19	7.189480e-08	4477	4.189e-02
265kHz_100dA_100Mss_NE5X076.txt	04/07/2024 17:46:06	-5.4	218.31	5.58	38460.00	852.19	2.680366e+05	1.412585e+01	6.397302e+00	221.91	6.806698e-08	4477	4.308e-02
265kHz_100dA_100Mss_NE5X077.txt	04/07/2024 17:46:07	-5.1	228.83	5.78	38460.00	853.55	2.680366e+05	1.421583e+01	6.404606e+00	237.55	7.246508e-08	4477	4.392e-02
265kHz_100dA_100Mss_NE5X078.txt	04/07/2024 17:46:07	-5.1	238.52	5.93	38460.00	860.47	2.679768e+05	1.437258e+01	6.409855e+00	250.45	7.563119e-08	4478	4.490e-02
265kHz_100dA_100Mss_NE5X079.txt	04/07/2024 17:46:08	-4.7	239.60	5.92	38460.00	870.13	2.679768e+05	1.448833e+01	6.405075e+00	242.98	7.274813e-08	4478	4.540e-02
265kHz_100dA_100Mss_NE5X080.txt	04/07/2024 17:46:08	-4.7	244.33	5.94	38460.00	881.34	2.679768e+05	1.467030e+01	6.404019e+00	243.91	7.211250e-08	4478	4.613e-02
265kHz_100dA_100Mss_NE5X081.txt	04/07/2024 17:46:09	-4.3	257.65	6.21	38460.00	877.03	2.680366e+05	1.469740e+01	6.415293e+00	267.10	7.891615e-08	4477	4.632e-02
265kHz_100dA_100Mss_NE5X082.txt	04/07/2024 17:46:09	-4.3	257.04	6.16	38460.00	885.77	2.680366e+05	1.478554e+01	6.409523e+00	257.03	7.543165e-08	4477	4.681e-02
265kHz_100dA_100Mss_NE5X083.txt	04/07/2024 17:46:10	-3.8	266.15	6.28	38460.00	890.84	2.679768e+05	1.492720e+01	6.414633e+00	269.86	7.851704e-08	4478	4.749e-02
265kHz_100dA_100Mss_NE5X084.txt	04/07/2024 17:46:10	-3.8	271.03	6.33	38460.00	896.36	2.680366e+05	1.502241e+01	6.414626e+00	271.63	7.851365e-08	4477	4.844e-02
265kHz_100dA_100Mss_NE5X085.txt	04/07/2024 17:46:11	-3.5	277.31	6.43	38460.00	897.89	2.680366e+05	1.507664e+01	6.417204e+00	277.93	8.007180e-08	4477	4.883e-02
265kHz_100dA_100Mss_NE5X086.txt	04/07/2024 17:46:11	-3.5	282.10	6.49	38460.00	905.26	2.679768e+05	1.519537e+01	6.417992e+00	281.69	8.054727e-08	4478	4.940e-02
265kHz_100dA_100Mss_NE5X087.txt	04/07/2024 17:46:12	-3.2	293.79	6.60	38460.00	912.98	2.680366e+05	1.538720e+01	6.423245e+00	296.36	8.372731e-08	4477	5.094e-02
265kHz_100dA_100Mss_NE5X088.txt	04/07/2024 17:46:12	-3.2	294.60	6.53	38460.00	923.76	2.679768e+05	1.553827e+01	6.417685e+00	287.40	8.036253e-08	4478	5.148e-02
265kHz_100dA_100Mss_NE5X089.txt	04/07/2024 17:46:13	-2.9	302.28	6.64	38460.00	924.22	2.680366e+05	1.557692e+01	6.421495e+00	296.29	8.266803e-08	4477	5.228e-02
265kHz_100dA_100Mss_NE5X090.txt	04/07/2024 17:46:13	-2.9	308.96	6.74	38460.00	928.25	2.679768e+05	1.567535e+01	6.424575e+00	304.69	8.453319e-08	4478	5.254e-02
265kHz_100dA_100Mss_NE5X091.txt	04/07/2024 17:46:14	-2.4	312.89	6.72	38460.00	937.94	2.679768e+05	1.582923e+01	6.422693e+00	303.61	8.339364e-08	4478	5.360e-02
265kHz_100dA_100Mss_NE5X092.txt	04/07/2024 17:46:15	-2.3	318.83	6.79	38460.00	941.41	2.680366e+05	1.590482e+01	6.424129e+00	308.25	8.426373e-08	4477	5.401e-02
265kHz_100dA_100Mss_NE5X093.txt	04/07/2024 17:46:15	-2.3	321.85	6.78	38460.00	949.55	2.680366e+05	1.602502e+01	6.422092e+00	306.12	8.302909e-08	4477	5.479e-02
265kHz_100dA_100Mss_NE5X094.txt	04/07/2024 17:46:16	-2.1	333.32	6.92	38460.00	949.35	2.679768e+05	1.610207e+01	6.429268e+00	323.30	8.737797e-08	4478	5.557e-02
265kHz_100dA_100Mss_NE5X095.txt	04/07/2024 17:46:17	-1.9	347.98	7.11	38460.00	957.40	2.680366e+05	1.628761e+01	6.435154e+00	340.18	9.095170e-08	4477	5.747e-02
265kHz_100dA_100Mss_NE5X096.txt	04/07/2024 17:46:17	-1.9	350.20	7.12	38460.00	962.58	2.679768e+05	1.635236e+01	6.433334e+00	337.39	8.984627e-08	4478	5.753e-02
265kHz_100dA_100Mss_NE5X097.txt	04/07/2024 17:46:18	-1.8	359.40	7.20	38460.00	964.82	2.679768e+05	1.644651e+01	6.437641e+00	348.99	9.246482e-08	4478	5.884e-02
265kHz_100dA_100Mss_NE5X098.txt	04/07/2024 17:46:18	-1.8	364.75	7.23	38460.00	975.83	2.679768e+05	1.662319e+01	6.437204e+00	351.75	9.219899e-08	4478	5.967e-02
265kHz_100dA_100Mss_NE5X099.txt	04/07/2024 17:46:19	-1.7	369.28	7.26	38460.00	981.97	2.679768e+05	1.672516e+01	6.437426e+00	354.42	9.233428e-08	4478	6.019e-02
265kHz_100dA_100Mss_NE5X100.txt	04/07/2024 17:46:19	-1.7	375.73	7.33	38460.00	984.65	2.679768e+05	1.679883e+01	6.439715e+00	361.22	9.372681e-08	4478	6.072e-02
265kHz_100dA_100Mss_NE5X101.txt	04/07/2024 17:46:20	-1.6	381.98	7.39	38460.00	989.14	2.679768e+05	1.688892e+01	6.441726e+00	367.78	9.495106e-08	4478	6.125e-02
265kHz_100dA_100Mss_NE5X102.txt	04/07/2024 17:46:20	-1.6	388.61	7.40	38460.00	997.32	2.679768e+05	1.705433e+01	6.442173e+00	372.42	9.522402e-08	4478	6.236e-02
265kHz_100dA_100Mss_NE5X103.txt	04/07/2024 17:46:21	-1.4	391.59	7.46	38460.00	1000.31	2.679768e+05	1.709316e+01	6.442581e+00	374.22	9.547252e-08	4478	6.237e-02
265kHz_100dA_100Mss_NE5X104.txt	04/07/2024 17:46:21	-1.4	398.19	7.49	38460.00	1009.03	2.680366e+05	1.724854e+01	6.443565e+00	380.02	9.607282e-08	4477	6.310e-02
265kHz_100dA_100Mss_NE5X105.txt	04/07/2024 17:46:22	-1.4	401.21	7.54	38460.00	1008.39	2.679768e+05	1.724707e+01	6.444315e+00	381.66	9.652932e-08	4478	6.329e-02
265kHz_100dA_100Mss_NE5X106.txt	04/07/2024 17:46:22	-1.4	408.41	7.63	38460.00	1006.91	2.679768e+05	1.727325e+01	6.448992e+00	393.23	9.938333e-08	4478	6.420e-02
265kHz_100dA_100Mss_NE5X107.txt	04/07/2024 17:46:23	-1.3	406.70	7.59	38460.00	1015.05	2.679768e+05	1.735708e+01	6.444218e+00	383.87	9.647031e-08	4478	6.389e-02
265kHz_100dA_100Mss_NE5X108.txt	04/07/2024 17:46:23	-1.3	412.66	7.68	38460.00	1018.61	2.680366e+05	1.742598e+01	6.447740e+00	393.83	9.861859e-08	4477	6.430e-02
265kHz_100dA_100Mss_NE5X109.txt	04/07/2024 17:46:24	-1.3	413.76	7.68	38460.00	1020.56	2.680366e+05	1.745612e+01	6.446650e+00	391.92	9.795264e-08	4477	6.453e-02
265kHz_100dA_100Mss_NE5X110.txt	04/07/2024 17:46:24	-1.3	421.34	7.75	38460.00	1026.89	2.680366e+05	1.760434e+01	6.450707e+00	404.97	1.004299e-07	4477	6.513e-02
265kHz_100dA_100Mss_NE5X111.txt	04/07/2024 17:46:25	-1.2	422.97	7.77	38460.00	1027.69	2.680366e+05	1.760919e+01	6.450716e+00	405.10	1.004350e-07	4477	6.563e-02
265kHz_100dA_100Mss_NE5X112.txt	04/07/2024 17:46:25	-1.2	423.19	7.76	38460.00	1028.34	2.680366e+05	1.761141e+01	6.449561e+00	402.38	9.972971e-08	4477	6.570e-02
265kHz_100dA_100Mss_NE5X113.txt	04/07/2024 17:46:26	-1.2	427.77	7.85	38460.00	1023.86	2.680366e+05	1.757785e+01	6.453802e+00	411.76	1.023212e-07	4477	6.558e-02
265kHz_100dA_100Mss_NE5X114.txt	04/07/2024 17:46:27	-1.2	431.83	7.92	38460.00	1026.86	2.680366e+05	1.763679e+01	6.455947e+00	418.28	1.036334e-07	4477	6.545e-02
265kHz_100dA_100Mss_NE5X115.txt	04/07/2024 17:46:27	-1.2	427.00	7.83	38460.00	1037.50	2.680366e+05	1.772774e+01	6.449384e+00	404.62	9.962144e-08	4477	6.548e-02
265kHz_100dA_100Mss_NE5X116.txt	04/07/2024 17:46:28	-1.1	432.57	7.91	38460.00	1032.02	2.680366e+05	1.770581e+01	6.454499e+00	416.43	1.027477e-07	4477	6.553e-02
265kHz_100dA_100Mss_NE5X117.txt	04/07/2024 17:46:28	-1.1	432.10	7.91	38460.00	1036.64	2.680366e+05	1.775476e+01	6.453738e+00	415.75	1.022812e-07	4477	6.522e-02
265kHz_100dA_100Mss_NE5X118.txt	04/07/2024 17:46:29	-1.1	435.48	7.97	38460.00	1032.16	2.680366e+05	1.772378e+01	6.457001e+00	422.88	1.042777e-07	4477	6.517e-02
265kHz_100dA_100Mss_NE5X119.txt	04/07/2024 17:46:29	-1.1	437.31	7.96	38460.00	1037.67	2.680366e+05	1.782333e+01	6.457311e+00	426.01	1.044677e-07	4477	6.532e-02
265kHz_100dA_100Mss_NE5X120.txt	04/07/2024 17:46:30	-1.1	435.33	8.00	38460.00	1035.25	2.680366e+05	1.775466e+01	6.457599e+00	425.06	1.046431e-07	4477	6.457e-02
265kHz_100dA_100Mss_NE5X121.txt	04/07/2024 17:46:30	-1.1	432.88	7.95	38460.00	1040.63	2.680366e+05	1.780598e+01	6.454299e+00	418.31	1.026241e-07	4477	6.458e-02
265kHz_100dA_100Mss_NE5X122.txt	04/07/2024 17:46:31	-1.1	431.86	7.94	38460.00	1043.26	2.680366e+05	1.783475e+01	6.453637e+00	417.38	1.022188e-07	4477	6.442e-02
265kHz_100dA_100Mss_NE5X123.txt	04/07/2024 17:46:31	-1.1	430.02	7.89	38460.00	1043.72	2.679768e+05	1.783553e+01	6.451787e+00	412.82	1.010889e-07	4478	6.434e-02
265kHz_100dA_100Mss_NE5X124.txt	04/07/2024 17:46:32	-1.1	434.94	7.97	38460.00	1040.51	2.680366e+05	1.783342e+01	6.456969e+00	425.42	1.042586e-07	4477	6.438e-02
265kHz_100dA_100Mss_NE5X125.txt	04/07/2024 17:46:33	-1.0	434.37	8.02	38460.00	1032.90	2.680366e+05	1.771012e+01	6.458925e+00	427.19	1.054559e-07	4477	6.369e-02
265kHz_100dA_100Mss_NE5X126.txt	04/07/2024 17:46:33	-1.0	429.37	7.96	38460.00	1041.30	2.680366e+05	1.778690e+01	6.454910e+00	419.34	1.029984e-07	4477	6.316e-02
265kHz_100dA_100Mss_NE5X127.txt	04/07/2024 17:46:34	-1.0	429.85	7.94	38460.00	1041.39	2.680366e+05	1.779432e+01	6.454893e+00	419.47	1.029881e-07	4477	6.339e-02
265kHz_100dA_100Mss_NE5X128.txt	04/07/2024 17:46:34	-1.0	433.82	7.99	38460.00	1038.10	2.679768e+05	1.780397e+01	6.459172e+00	429.95	1.056078e-07	4478	6.326e-02
265kHz_100dA_100Mss_NE5X129.txt	04/07/2024 17:46:35	-1.0	430.96	7.95	38460.00	1038.93	2.680366e+05	1.778605e+01	6.457065e+00	424.52	1.043179e-07	4477	6.323e-02
265kHz_100dA_100Mss_NE5X130.txt	04/07/2024 17:46:35	-1.0	430.98	7.95	38460.00	1038.80	2.679768e+05	1.778956e+01	6.457787e+00	426.26	1.047595e-07	4478	6.327e-02
265kHz_100dA_100Mss_NE5X131.txt	04/07/2024 17:46:36	-1.0	427.73	7.89	38460.00	1042.22	2.679768e+05	1.781235e+01	6.454683e+00	419.29	1.028596e-07	4478	6.315e-02
265kHz_100dA_100Mss_NE5X132.txt	04/07/2024 17:46:36	-1.0	427.23	7.94	38460.00	1036.61	2.680366e+05	1.772523e+01	6.456960e+00	422.82	1.042524e-07	4477	6.241e-02
265kHz_100dA_100Mss_NE5X133.txt	04/07/2024 17:46:37	-1.0	428.10	7.95	38460.00	1032.67	2.679768e+05	1.769002e+01	6.459337e+00	427.60	1.057084e-07	4478	6.224e-02
265kHz_100dA_100Mss_NE5X134.txt	04/07/2024 17:46:38	-1.0	424.25	7.92	38460.00	1033.56	2.680366e+05	1.765987e+01	6.457050e+00	421.48	1.043072e-07	4477	6.168e-02
265kHz_100dA_100Mss_NE5X135.txt	04/07/2024 17:46:38	-1.0	428.92	7.93	38460.00	1031.76	2.679768e+05	1.769483e+01	6.460254e+00	429.91	1.062702e-07	4478	6.234e-02
265kHz_100dA_100Mss_NE5X136.txt	04/07/2024 17:46:39	-1.0	423.09	7.84	38460.00	1034.94	2.679768e+05	1.768967e+01	6.454641e+00	416.30	1.028332e-07	4478	6.183e-02
265kHz_100dA_100Mss_NE5X137.txt	04/07/2024 17:46:39	-1.0	422.88	7.89	38460.00	1033.55	2.680366e+05	1.765818e+01	6.456539e+00	420.21	1.039929e-07	4477	6.162e-02
265kHz_100dA_100Mss_NE5X138.txt	04/07/2024 17:46:40	-0.9	423.30	7.87	38460.00	1033.52	2.680366e+05	1.766629e+01	6.456797e+00	421.02	1.041524e-07	4477	6.168e-02
265kHz_100dA_100Mss_NE5X139.txt	04/07/2024 17:46:40	-0.9	419.21	7.84	38460.00	1034.97	2.679768e+05	1.764337e+01	6.454716e+00	415.39	1.028777e-07	4478	6.119e-02
265kHz_100dA_100Mss_NE5X140.txt	04/07/2024 17:46:41	-0.9	420.82	7.82	38460.00	1035.04	2.680366e+05	1.767992e+01	6.455073e+00	417.20	1.030975e-07	4477	6.160e-02
265kHz_100dA_100Mss_NE5X141.txt	04/07/2024 17:46:41	-0.9	423.54	7.85	38460.00	1034.14	2.680366e+05	1.769529e+01	6.457710e+00	423.91	1.047124e-07	4477	6.156e-02
265kHz_100dA_100Mss_NE5X142.txt	04/07/2024 17:46:42	-0.9	425.23	7.88	38460.00	1032.85	2.679768e+05	1.769827e+01	6.460301e+00	430.11	1.062991e-07	4478	6.156e-02
265kHz_100dA_100Mss_NE5X143.txt	04/07/2024 17:46:42	-0.9	419.16	7.83	38460.00	1033.09	2.680366e+05	1.763522e+01	6.456120e+00	418.66	1.037374e-07	4477	6.098e-02
265kHz_100dA_100Mss_NE5X144.txt	04/07/2024 17:46:43	-0.9	422.82	7.86	38460.00	1030.40	2.680366e+05	1.764895e+01	6.459539e+00	427.18	1.058315e-07	4477	6.116e-02
265kHz_100dA_100Mss_NE5X145.txt	04/07/2024 17:46:43	-0.9	421.60	7.80	38460.00	1034.28	2.680366e+05	1.769967e+01	6.457268e+00	422.95	1.044411e-07	4477	6.147e-02
265kHz_100dA_100Mss_NE5X146.txt	04/07/2024 17:46:44	-0.8	421.96	7.82	38460.00	1032.05	2.680366e+05	1.766867e+01	6.458618e+00	425.45	1.052676e-07	4477	6.127e-02
265kHz_100dA_100Mss_NE5X147.txt	04/07/2024 17:46:44	-0.8	418.26	7.75	38460.00	1034.84	2.680366e+05	1.768261e+01	6.455413e+00	418.08	1.033058e-07	4477	6.089e-02
265kHz_100dA_100Mss_NE5X148.txt	04/07/2024 17:46:45	-0.8	415.66	7.76	38460.00	1031.39	2.679768e+05	1.759742e+01	6.454889e+00	414.73	1.029849e-07	4478	6.049e-02
265kHz_100dA_100Mss_NE5X149.txt	04/07/2024 17:46:45	-0.8	415.56	7.75	38460.00	1031.90	2.680366e+05	1.760890e+01	6.455010e+00	415.38	1.030578e-07	4477	6.069e-02
265kHz_100dA_100Mss_NE5X150.txt	04/07/2024 17:46:46	-0.8	420.59	7.85	38460.00	1024.22	2.680366e+05	1.755144e+01	6.461593e+00	429.72	1.070895e-07	4477	6.057e-02
265kHz_100dA_100Mss_NE5X151.txt	04/07/2024 17:46:46	-0.8	413.52	7.69	38460.00	1032.22	2.680366e+05	1.761289e+01	6.453298e+00	411.37	1.020114e-07	4477	6.059e-02
265kHz_100dA_100Mss_NE5X152.txt	04/07/2024 17:46:47	-0.8	418.99	7.81	38460.00	1024.13	2.680366e+05	1.754311e+01	6.460722e+00	427.44	1.065542e-07	4477	6.046e-02
265kHz_100dA_100Mss_NE5X153.txt	04/07/2024 17:46:48	-0.8	413.50	7.68	38460.00	1029.56	2.680366e+05	1.758135e+01	6.454277e+00	412.98	1.026097e-07	4477	6.072e-02
265kHz_100dA_100Mss_NE5X154.txt	04/07/2024 17:46:49	-0.7	412.44	7.70	38460.00	1027.64	2.680366e+05	1.754503e+01	6.454782e+00	413.33	1.029176e-07	4477	6.037e-02
265kHz_100dA_100Mss_NE5X155.txt	04/07/2024 17:46:49	-0.7	416.47	7.78	38460.00	1020.92	2.680366e+05	1.748962e+01	6.460417e+00	425.41	1.063676e-07	4477	6.011e-02
265kHz_100dA_100Mss_NE5X156.txt	04/07/2024 17:46:50	-0.7	415.81	7.74	38460.00	1023.47	2.680366e+05	1.752974e+01	6.459013e+00	423.05	1.055079e-07	4477	6.042e-02
265kHz_100dA_100Mss_NE5X157.txt	04/07/2024 17:46:50	-0.7	412.13	7.68	38460.00	1024.46	2.680366e+05	1.751279e+01	6.456101e+00	415.71	1.037250e-07	4477	6.003e-02
265kHz_100dA_100Mss_NE5X158.txt	04/07/2024 17:46:51	-0.7	413.79	7.70	38460.00	1021.64	2.680366e+05	1.749324e+01	6.457797e+00	419.27	1.047631e-07	4477	6.025e-02
265kHz_100dA_100Mss_NE5X159.txt	04/07/2024 17:46:51	-0.7	410.28	7.67	38460.00	1023.09	2.680366e+05	1.747963e+01	6.455600e+00	413.73	1.034180e-07	4477	5.984e-02
265kHz_100dA_100Mss_NE5X160.txt	04/07/2024 17:46:52	-0.7	412.76	7.67	38460.00	1018.24	2.680366e+05	1.744606e+01	6.457631e+00	417.75	1.046611e-07	4477	6.023e-02
265kHz_100dA_100Mss_NE5X161.txt	04/07/2024 17:46:52	-0.7	411.55	7.70	38460.00	1016.20	2.680366e+05	1.739946e+01	6.458617e+00	418.97	1.052645e-07	4477	5.980e-02
265kHz_100dA_100Mss_NE5X162.txt	04/07/2024 17:46:53	-0.8	412.70	7.69	38460.00	1020.52	2.680366e+05	1.747677e+01	6.458774e+00	421.20	1.053599e-07	4477	6.008e-02
265kHz_100dA_100Mss_NE5X163.txt	04/07/2024 17:46:53	-0.8	405.72	7.58	38460.00	1024.00	2.680366e+05	1.746526e+01	6.452247e+00	405.43	1.013653e-07	4477	5.980e-02
265kHz_100dA_100Mss_NE5X164.txt	04/07/2024 17:46:54	-0.7	404.63	7.58	38460.00	1018.21	2.680366e+05	1.737369e+01	6.452663e+00	404.28	1.016193e-07	4477	5.957e-02
265kHz_100dA_100Mss_NE5X165.txt	04/07/2024 17:46:54	-0.7	407.08	7.58	38460.00	1021.64	2.680366e+05	1.745286e+01	6.453817e+00	408.86	1.023247e-07	4477	5.992e-02
265kHz_100dA_100Mss_NE5X166.txt	04/07/2024 17:46:55	-0.7	404.63	7.55	38460.00	1026.58	2.680366e+05	1.750338e+01	6.452119e+00	406.01	1.012863e-07	4477	5.972e-02
265kHz_100dA_100Mss_NE5X167.txt	04/07/2024 17:46:55	-0.7	401.82	7.46	38460.00	1026.02	2.680366e+05	1.748483e+01	6.448844e+00	397.79	9.928786e-08	4477	5.967e-02
265kHz_100dA_100Mss_NE5X168.txt	04/07/2024 17:46:56	-0.7	400.66	7.47	38460.00	1024.90	2.680366e+05	1.745191e+01	6.448922e+00	397.22	9.933407e-08	4477	5.971e-02
265kHz_100dA_100Mss_NE5X169.txt	04/07/2024 17:46:56	-0.7	402.43	7.49	38460.00	1021.18	2.680366e+05	1.742486e+01	6.451071e+00	401.70	1.006473e-07	4477	5.953e-02
265kHz_100dA_100Mss_NE5X170.txt	04/07/2024 17:46:57	-0.7	403.48	7.53	38460.00	1014.07	2.680366e+05	1.733811e+01	6.453629e+00	405.73	1.022107e-07	4477	5.956e-02
265kHz_100dA_100Mss_NE5X171.txt	04/07/2024 17:46:58	-0.6	398.26	7.42	38460.00	1020.20	2.680366e+05	1.738810e+01	6.448586e+00	394.98	9.913011e-08	4477	5.940e-02
265kHz_100dA_100Mss_NE5X172.txt	04/07/2024 17:46:58	-0.6	409.00	7.64	38460.00	1009.83	2.680366e+05	1.725124e+01	6.462096e+00	423.55	1.073960e-07	4477	5.922e-02
265kHz_100dA_100Mss_NE5X173.txt	04/07/2024 17:46:59	-0.6	392.83	7.36	38460.00	1018.20	2.680366e+05	1.731119e+01	6.444891e+00	384.52	9.687622e-08	4477	5.905e-02
265kHz_100dA_100Mss_NE5X174.txt	04/07/2024 17:46:59	-0.6	401.09	7.51	38460.00	1010.65	2.680366e+05	1.728801e+01	6.454375e+00	406.32	1.026670e-07	4477	5.904e-02
265kHz_100dA_100Mss_NE5X175.txt	04/07/2024 17:47:00	-0.7	402.01	7.52	38460.00	1007.99	2.680366e+05	1.726590e+01	6.456028e+00	409.67	1.036776e-07	4477	5.915e-02
265kHz_100dA_100Mss_NE5X176.txt	04/07/2024 17:47:00	-0.7	398.84	7.46	38460.00	1008.14	2.680366e+05	1.723763e+01	6.452768e+00	401.36	1.016844e-07	4477	5.900e-02
265kHz_100dA_100Mss_NE5X177.txt	04/07/2024 17:47:01	-0.7	395.73	7.41	38460.00	1008.33	2.680366e+05	1.722353e+01	6.450394e+00	395.48	1.002341e-07	4477	5.910e-02
265kHz_100dA_100Mss_NE5X178.txt	04/07/2024 17:47:02	-0.7	398.03	7.48	38460.00	1000.17	2.680366e+05	1.712418e+01	6.454972e+00	403.86	1.030320e-07	4477	5.860e-02
265kHz_100dA_100Mss_NE5X179.txt	04/07/2024 17:47:02	-0.7	393.28	7.42	38460.00	1003.30	2.680366e+05	1.713194e+01	6.451385e+00	395.68	1.008391e-07	4477	5.852e-02
265kHz_100dA_100Mss_NE5X180.txt	04/07/2024 17:47:03	-0.7	394.66	7.44	38460.00	998.66	2.680366e+05	1.708125e+01	6.453091e+00	398.47	1.018815e-07	4477	5.849e-02
265kHz_100dA_100Mss_NE5X181.txt	04/07/2024 17:47:03	-0.7	396.34	7.43	38460.00	997.44	2.680366e+05	1.709157e+01	6.454249e+00	401.41	1.025904e-07	4477	5.867e-02
265kHz_100dA_100Mss_NE5X182.txt	04/07/2024 17:47:04	-0.6	389.72	7.35	38460.00	1000.32	2.680366e+05	1.706855e+01	6.448985e+00	388.64	9.937333e-08	4477	5.835e-02
265kHz_100dA_100Mss_NE5X183.txt	04/07/2024 17:47:04	-0.6	398.03	7.48	38460.00	993.33	2.680366e+05	1.699332e+01	6.458328e+00	408.52	1.050873e-07	4477	5.864e-02
265kHz_100dA_100Mss_NE5X184.txt	04/07/2024 17:47:05	-0.2	386.63	7.30	38460.00	1000.53	2.680366e+05	1.706348e+01	6.446995e+00	383.91	9.815907e-08	4477	5.834e-02
265kHz_100dA_100Mss_NE5X185.txt	04/07/2024 17:47:05	-0.2	390.20	7.39	38460.00	991.65	2.680366e+05	1.697348e+01	6.452335e+00	394.22	1.014203e-07	4477	5.815e-02
265kHz_100dA_100Mss_NE5X186.txt	04/07/2024 17:47:06	0.3	384.99	7.27	38460.00	996.20	2.680366e+05	1.699894e+01	6.446601e+00	381.54	9.791924e-08	4477	5.830e-02
265kHz_100dA_100Mss_NE5X187.txt	04/07/2024 17:47:06	0.3	387.40	7.39	38460.00	987.18	2.680366e+05	1.688535e+01	6.452694e+00	392.99	1.016389e-07	4477	5.764e-02
265kHz_100dA_100Mss_NE5X188.txt	04/07/2024 17:47:07	1.1	383.22	7.31	38460.00	985.69	2.680366e+05	1.683348e+01	6.448867e+00	383.02	9.930156e-08	4477	5.765e-02
265kHz_100dA_100Mss_NE5X189.txt	04/07/2024 17:47:07	1.1	371.58	7.08	38460.00	1000.78	2.680366e+05	1.695039e+01	6.435675e+00	355.22	9.126566e-08	4477	5.771e-02
265kHz_100dA_100Mss_NE5X190.txt	04/07/2024 17:47:08	2.0	386.75	7.37	38460.00	979.51	2.680366e+05	1.676445e+01	6.455047e+00	395.54	1.030778e-07	4477	5.747e-02
265kHz_100dA_100Mss_NE5X191.txt	04/07/2024 17:47:09	3.0	375.29	7.18	38460.00	983.93	2.680366e+05	1.675371e+01	6.443477e+00	368.91	9.601280e-08	4477	5.736e-02
265kHz_100dA_100Mss_NE5X192.txt	04/07/2024 17:47:09	3.0	372.11	7.13	38460.00	983.01	2.680366e+05	1.672102e+01	6.440718e+00	361.91	9.433307e-08	4477	5.735e-02
265kHz_100dA_100Mss_NE5X193.txt	04/07/2024 17:47:10	3.8	379.92	7.30	38460.00	972.47	2.680366e+05	1.664890e+01	6.451169e+00	384.04	1.007064e-07	4477	5.701e-02
265kHz_100dA_100Mss_NE5X194.txt	04/07/2024 17:47:10	3.8	364.43	7.00	38460.00	988.06	2.680366e+05	1.672956e+01	6.433868e+00	346.47	9.016682e-08	4477	5.707e-02
265kHz_100dA_100Mss_NE5X195.txt	04/07/2024 17:47:11	3.2	371.99	7.15	38460.00	976.82	2.680366e+05	1.665532e+01	6.443473e+00	366.74	9.601093e-08	4477	5.705e-02
265kHz_100dA_100Mss_NE5X196.txt	04/07/2024 17:47:11	3.2	379.14	7.30	38460.00	968.87	2.680366e+05	1.659177e+01	6.452874e+00	386.57	1.017488e-07	4477	5.676e-02
265kHz_100dA_100Mss_NE5X197.txt	04/07/2024 17:47:12	4.0	379.52	7.30	38460.00	965.11	2.680366e+05	1.653201e+01	6.453823e+00	387.31	1.023295e-07	4477	5.682e-02
265kHz_100dA_100Mss_NE5X198.txt	04/07/2024 17:47:12	4.0	367.98	7.11	38460.00	972.41	2.680366e+05	1.655801e+01	6.442128e+00	361.56	9.519183e-08	4477	5.667e-02
265kHz_100dA_100Mss_NE5X199.txt	04/07/2024 17:47:13	5.5	367.78	7.13	38460.00	968.52	2.680366e+05	1.649587e+01	6.442992e+00	362.15	9.571878e-08	4477	5.651e-02
265kHz_100dA_100Mss_NE5X200.txt	04/07/2024 17:47:13	5.5	373.99	7.23	38460.00	961.75	2.680366e+05	1.647738e+01	6.450260e+00	378.04	1.001529e-07	4477	5.660e-02
265kHz_100dA_100Mss_NE5X201.txt	04/07/2024 17:47:14	4.7	369.75	7.18	38460.00	962.86	2.680366e+05	1.644892e+01	6.447102e+00	370.32	9.822375e-08	4477	5.627e-02
265kHz_100dA_100Mss_NE5X202.txt	04/07/2024 17:47:14	4.7	367.68	7.13	38460.00	964.60	2.680366e+05	1.646247e+01	6.444626e+00	365.08	9.671408e-08	4477	5.639e-02
265kHz_100dA_100Mss_NE5X203.txt	04/07/2024 17:47:15	5.6	377.10	7.24	38460.00	965.12	2.680366e+05	1.649362e+01	6.453790e+00	386.33	1.023099e-07	4477	5.676e-02
265kHz_100dA_100Mss_NE5X204.txt	04/07/2024 17:47:15	5.6	364.79	7.05	38460.00	967.37	2.680366e+05	1.648863e+01	6.441580e+00	358.82	9.485806e-08	4477	5.643e-02
265kHz_100dA_100Mss_NE5X205.txt	04/07/2024 17:47:16	7.9	361.94	7.02	38460.00	968.13	2.679768e+05	1.647037e+01	6.439860e+00	354.48	9.381095e-08	4478	5.625e-02
265kHz_100dA_100Mss_NE5X206.txt	04/07/2024 17:47:16	7.9	367.75	7.09	38460.00	963.47	2.680366e+05	1.646961e+01	6.445238e+00	366.61	9.708732e-08	4477	5.653e-02
265kHz_100dA_100Mss_NE5X207.txt	04/07/2024 17:47:17	9.3	363.63	7.05	38460.00	964.73	2.680366e+05	1.644633e+01	6.442282e+00	359.47	9.528597e-08	4477	5.615e-02
265kHz_100dA_100Mss_NE5X208.txt	04/07/2024 17:47:17	9.3	370.57	7.16	38460.00	958.88	2.680366e+05	1.640468e+01	6.450169e+00	376.17	1.000968e-07	4477	5.636e-02
265kHz_100dA_100Mss_NE5X209.txt	04/07/2024 17:47:18	9.4	368.14	7.07	38460.00	955.76	2.679768e+05	1.639034e+01	6.447309e+00	369.38	9.835142e-08	4478	5.656e-02
265kHz_100dA_100Mss_NE5X210.txt	04/07/2024 17:47:19	12.0	365.76	7.06	38460.00	957.04	2.680366e+05	1.637993e+01	6.445763e+00	365.78	9.740789e-08	4477	5.627e-02
265kHz_100dA_100Mss_NE5X211.txt	04/07/2024 17:47:19	12.0	353.09	6.80	38460.00	972.38	2.680366e+05	1.648222e+01	6.430469e+00	333.71	8.810404e-08	4477	5.650e-02
265kHz_100dA_100Mss_NE5X212.txt	04/07/2024 17:47:20	12.7	368.30	7.11	38460.00	952.26	2.680366e+05	1.633479e+01	6.449282e+00	372.60	9.955548e-08	4477	5.642e-02
265kHz_100dA_100Mss_NE5X213.txt	04/07/2024 17:47:20	12.7	363.33	7.02	38460.00	960.55	2.680366e+05	1.641444e+01	6.443904e+00	362.40	9.627454e-08	4477	5.633e-02
265kHz_100dA_100Mss_NE5X214.txt	04/07/2024 17:47:21	14.7	359.93	6.95	38460.00	962.09	2.680366e+05	1.641049e+01	6.440467e+00	354.63	9.418129e-08	4477	5.633e-02
265kHz_100dA_100Mss_NE5X215.txt	04/07/2024 17:47:21	14.7	364.51	7.01	38460.00	957.05	2.680366e+05	1.638813e+01	6.445145e+00	364.59	9.703157e-08	4477	5.642e-02
265kHz_100dA_100Mss_NE5X216.txt	04/07/2024 17:47:22	14.8	366.96	7.05	38460.00	961.91	2.680366e+05	1.645918e+01	6.447360e+00	371.13	9.838197e-08	4477	5.655e-02
265kHz_100dA_100Mss_NE5X217.txt	04/07/2024 17:47:22	14.8	359.20	6.92	38460.00	964.12	2.680366e+05	1.643856e+01	6.439452e+00	352.96	9.356298e-08	4477	5.640e-02
265kHz_100dA_100Mss_NE5X218.txt	04/07/2024 17:47:23	14.3	356.79	6.81	38460.00	976.93	2.680366e+05	1.659461e+01	6.433278e+00	342.34	8.980880e-08	4477	5.696e-02
265kHz_100dA_100Mss_NE5X219.txt	04/07/2024 17:47:23	14.3	373.69	7.06	38460.00	973.29	2.680366e+05	1.661967e+01	6.450217e+00	381.21	1.001247e-07	4477	5.756e-02
265kHz_100dA_100Mss_NE5X220.txt	04/07/2024 17:47:24	15.2	366.16	6.95	38460.00	970.50	2.680366e+05	1.659361e+01	6.442641e+00	363.50	9.550411e-08	4477	5.732e-02
265kHz_100dA_100Mss_NE5X221.txt	04/07/2024 17:47:24	15.2	368.78	6.91	38460.00	979.65	2.680366e+05	1.675176e+01	6.441607e+00	364.60	9.487437e-08	4477	5.807e-02
265kHz_100dA_100Mss_NE5X222.txt	04/07/2024 17:47:25	17.4	369.37	6.88	38460.00	982.01	2.680366e+05	1.680767e+01	6.441648e+00	365.91	9.489858e-08	4477	5.827e-02
265kHz_100dA_100Mss_NE5X223.txt	04/07/2024 17:47:25	17.4	376.51	6.99	38460.00	984.36	2.680366e+05	1.682169e+01	6.448831e+00	382.67	9.927724e-08	4477	5.846e-02
265kHz_100dA_100Mss_NE5X224.txt	04/07/2024 17:47:26	17.7	378.78	6.95	38460.00	992.21	2.680366e+05	1.695729e+01	6.448078e+00	384.02	9.881896e-08	4477	5.902e-02
265kHz_100dA_100Mss_NE5X225.txt	04/07/2024 17:47:26	17.7	372.26	6.88	38460.00	985.98	2.680366e+05	1.689901e+01	6.442683e+00	370.28	9.552887e-08	4477	5.870e-02
265kHz_100dA_100Mss_NE5X226.txt	04/07/2024 17:47:27	17.9	366.13	6.76	38460.00	998.00	2.680366e+05	1.701516e+01	6.435351e+00	355.83	9.106758e-08	4477	5.874e-02
265kHz_100dA_100Mss_NE5X227.txt	04/07/2024 17:47:27	17.9	368.44	6.81	38460.00	986.77	2.680366e+05	1.688168e+01	6.439474e+00	362.52	9.357532e-08	4477	5.862e-02
265kHz_100dA_100Mss_NE5X228.txt	04/07/2024 17:47:28	19.6	365.25	6.73	38460.00	995.64	2.680366e+05	1.698904e+01	6.435586e+00	355.83	9.121124e-08	4477	5.878e-02
265kHz_100dA_100Mss_NE5X229.txt	04/07/2024 17:47:29	20.4	366.33	6.73	38460.00	997.63	2.680366e+05	1.703965e+01	6.436664e+00	359.39	9.186668e-08	4477	5.891e-02
265kHz_100dA_100Mss_NE5X230.txt	04/07/2024 17:47:29	20.4	358.31	6.65	38460.00	993.97	2.680366e+05	1.689923e+01	6.430256e+00	341.66	8.797399e-08	4477	5.854e-02
