# Temperatura_=_0.3700964630225085
# Concentracion g/m^3_=_19900.0
# C_Vs_to_Am_M_A/Vsm_=_254322799225.57578
# pendiente_HvsI_1/m_=_3716.3
# ordenada_HvsI_A/m_=_1297.0
# frecuencia_Hz_=_136239.84404600057
# Promedio de 311 ciclos

Tiempo_(s)	Campo_(V.s)	Magnetizacion_(V.s)	Campo_(kA/m)	Magnetizacion_(A/m)
0.000000e+00	-7.061729e-09	-4.159768e-09	-3.843292e+01	-1.058373e+03
1.000000e-08	-7.061849e-09	-4.160860e-09	-3.843357e+01	-1.058480e+03
2.000000e-08	-7.061643e-09	-4.161952e-09	-3.843245e+01	-1.058555e+03
3.000000e-08	-7.060977e-09	-4.162267e-09	-3.842883e+01	-1.058603e+03
4.000000e-08	-7.059666e-09	-4.162266e-09	-3.842169e+01	-1.058625e+03
5.000000e-08	-7.057583e-09	-4.162791e-09	-3.841035e+01	-1.058625e+03
6.000000e-08	-7.054764e-09	-4.163856e-09	-3.839501e+01	-1.058609e+03
7.000000e-08	-7.051371e-09	-4.165622e-09	-3.837654e+01	-1.058580e+03
8.000000e-08	-7.047523e-09	-4.165564e-09	-3.835560e+01	-1.058544e+03
9.000000e-08	-7.043154e-09	-4.155814e-09	-3.833182e+01	-1.058504e+03
1.000000e-07	-7.038089e-09	-4.147541e-09	-3.830426e+01	-1.058464e+03
1.100000e-07	-7.032395e-09	-4.169634e-09	-3.827327e+01	-1.058425e+03
1.200000e-07	-7.026376e-09	-4.191848e-09	-3.824051e+01	-1.058389e+03
1.300000e-07	-7.020138e-09	-4.156509e-09	-3.820656e+01	-1.058352e+03
1.400000e-07	-7.013435e-09	-4.125558e-09	-3.817008e+01	-1.058314e+03
1.500000e-07	-7.006123e-09	-4.169817e-09	-3.813029e+01	-1.058270e+03
1.600000e-07	-6.998391e-09	-4.206029e-09	-3.808820e+01	-1.058215e+03
1.700000e-07	-6.990357e-09	-4.156244e-09	-3.804448e+01	-1.058145e+03
1.800000e-07	-6.981848e-09	-4.118927e-09	-3.799817e+01	-1.058053e+03
1.900000e-07	-6.972677e-09	-4.174414e-09	-3.794826e+01	-1.057936e+03
2.000000e-07	-6.962900e-09	-4.208802e-09	-3.789505e+01	-1.057789e+03
2.100000e-07	-6.952613e-09	-4.152580e-09	-3.783906e+01	-1.057611e+03
2.200000e-07	-6.941693e-09	-4.129592e-09	-3.777963e+01	-1.057400e+03
2.300000e-07	-6.930072e-09	-4.190405e-09	-3.771638e+01	-1.057159e+03
2.400000e-07	-6.917897e-09	-4.197544e-09	-3.765012e+01	-1.056890e+03
2.500000e-07	-6.905216e-09	-4.133910e-09	-3.758111e+01	-1.056598e+03
2.600000e-07	-6.891944e-09	-4.140320e-09	-3.750888e+01	-1.056289e+03
2.700000e-07	-6.878078e-09	-4.191067e-09	-3.743341e+01	-1.055970e+03
2.800000e-07	-6.863628e-09	-4.161391e-09	-3.735477e+01	-1.055648e+03
2.900000e-07	-6.848472e-09	-4.127361e-09	-3.727228e+01	-1.055329e+03
3.000000e-07	-6.832572e-09	-4.169465e-09	-3.718575e+01	-1.055020e+03
3.100000e-07	-6.816092e-09	-4.172504e-09	-3.709606e+01	-1.054724e+03
3.200000e-07	-6.799170e-09	-4.119591e-09	-3.700396e+01	-1.054443e+03
3.300000e-07	-6.781843e-09	-4.140874e-09	-3.690966e+01	-1.054177e+03
3.400000e-07	-6.764135e-09	-4.185708e-09	-3.681328e+01	-1.053925e+03
3.500000e-07	-6.745990e-09	-4.141382e-09	-3.671453e+01	-1.053680e+03
3.600000e-07	-6.727295e-09	-4.112959e-09	-3.661279e+01	-1.053437e+03
3.700000e-07	-6.708055e-09	-4.168130e-09	-3.650808e+01	-1.053186e+03
3.800000e-07	-6.688407e-09	-4.170218e-09	-3.640114e+01	-1.052919e+03
3.900000e-07	-6.668433e-09	-4.112417e-09	-3.629244e+01	-1.052626e+03
4.000000e-07	-6.648091e-09	-4.131397e-09	-3.618173e+01	-1.052297e+03
4.100000e-07	-6.627306e-09	-4.170251e-09	-3.606860e+01	-1.051922e+03
4.200000e-07	-6.606034e-09	-4.130078e-09	-3.595283e+01	-1.051494e+03
4.300000e-07	-6.584284e-09	-4.113668e-09	-3.583446e+01	-1.051006e+03
4.400000e-07	-6.562094e-09	-4.152050e-09	-3.571369e+01	-1.050454e+03
4.500000e-07	-6.539448e-09	-4.134243e-09	-3.559045e+01	-1.049835e+03
4.600000e-07	-6.516317e-09	-4.102539e-09	-3.546456e+01	-1.049148e+03
4.700000e-07	-6.492778e-09	-4.131654e-09	-3.533644e+01	-1.048396e+03
4.800000e-07	-6.468915e-09	-4.134607e-09	-3.520657e+01	-1.047579e+03
4.900000e-07	-6.444717e-09	-4.095407e-09	-3.507488e+01	-1.046703e+03
5.000000e-07	-6.420062e-09	-4.104867e-09	-3.494069e+01	-1.045772e+03
5.100000e-07	-6.394762e-09	-4.124252e-09	-3.480300e+01	-1.044790e+03
5.200000e-07	-6.368680e-09	-4.097403e-09	-3.466105e+01	-1.043763e+03
5.300000e-07	-6.341848e-09	-4.087876e-09	-3.451502e+01	-1.042694e+03
5.400000e-07	-6.314454e-09	-4.104217e-09	-3.436593e+01	-1.041588e+03
5.500000e-07	-6.286692e-09	-4.091275e-09	-3.421484e+01	-1.040448e+03
5.600000e-07	-6.258633e-09	-4.076741e-09	-3.406213e+01	-1.039275e+03
5.700000e-07	-6.230238e-09	-4.084930e-09	-3.390759e+01	-1.038071e+03
5.800000e-07	-6.201436e-09	-4.079395e-09	-3.375084e+01	-1.036836e+03
5.900000e-07	-6.172202e-09	-4.066037e-09	-3.359174e+01	-1.035571e+03
6.000000e-07	-6.142552e-09	-4.067149e-09	-3.343037e+01	-1.034275e+03
6.100000e-07	-6.112496e-09	-4.063707e-09	-3.326679e+01	-1.032947e+03
6.200000e-07	-6.082010e-09	-4.054718e-09	-3.310087e+01	-1.031588e+03
6.300000e-07	-6.051085e-09	-4.053144e-09	-3.293257e+01	-1.030197e+03
6.400000e-07	-6.019759e-09	-4.047770e-09	-3.276208e+01	-1.028775e+03
6.500000e-07	-5.988108e-09	-4.039172e-09	-3.258982e+01	-1.027320e+03
6.600000e-07	-5.956177e-09	-4.035834e-09	-3.241603e+01	-1.025835e+03
6.700000e-07	-5.923895e-09	-4.029655e-09	-3.224034e+01	-1.024319e+03
6.800000e-07	-5.891116e-09	-4.022062e-09	-3.206195e+01	-1.022774e+03
6.900000e-07	-5.857711e-09	-4.018979e-09	-3.188014e+01	-1.021200e+03
7.000000e-07	-5.823627e-09	-4.011873e-09	-3.169464e+01	-1.019599e+03
7.100000e-07	-5.788905e-09	-4.003732e-09	-3.150567e+01	-1.017970e+03
7.200000e-07	-5.753671e-09	-4.001168e-09	-3.131391e+01	-1.016314e+03
7.300000e-07	-5.718074e-09	-3.994951e-09	-3.112018e+01	-1.014631e+03
7.400000e-07	-5.682212e-09	-3.984708e-09	-3.092500e+01	-1.012920e+03
7.500000e-07	-5.646087e-09	-3.979659e-09	-3.072840e+01	-1.011180e+03
7.600000e-07	-5.609625e-09	-3.974786e-09	-3.052995e+01	-1.009411e+03
7.700000e-07	-5.572749e-09	-3.966538e-09	-3.032926e+01	-1.007612e+03
7.800000e-07	-5.535430e-09	-3.959646e-09	-3.012615e+01	-1.005782e+03
7.900000e-07	-5.497691e-09	-3.952620e-09	-2.992076e+01	-1.003919e+03
8.000000e-07	-5.459549e-09	-3.943902e-09	-2.971317e+01	-1.002023e+03
8.100000e-07	-5.421000e-09	-3.936913e-09	-2.950338e+01	-1.000094e+03
8.200000e-07	-5.382050e-09	-3.929903e-09	-2.929140e+01	-9.981307e+02
8.300000e-07	-5.342731e-09	-3.921340e-09	-2.907741e+01	-9.961331e+02
8.400000e-07	-5.303113e-09	-3.913474e-09	-2.886178e+01	-9.941010e+02
8.500000e-07	-5.263248e-09	-3.906079e-09	-2.864482e+01	-9.920343e+02
8.600000e-07	-5.223114e-09	-3.898427e-09	-2.842640e+01	-9.899327e+02
8.700000e-07	-5.182667e-09	-3.890747e-09	-2.820627e+01	-9.877957e+02
8.800000e-07	-5.141864e-09	-3.881765e-09	-2.798420e+01	-9.856229e+02
8.900000e-07	-5.100613e-09	-3.872348e-09	-2.775970e+01	-9.834134e+02
9.000000e-07	-5.058798e-09	-3.864327e-09	-2.753212e+01	-9.811661e+02
9.100000e-07	-5.016360e-09	-3.856082e-09	-2.730116e+01	-9.788798e+02
9.200000e-07	-4.973330e-09	-3.846613e-09	-2.706697e+01	-9.765532e+02
9.300000e-07	-4.929850e-09	-3.837349e-09	-2.683033e+01	-9.741849e+02
9.400000e-07	-4.886074e-09	-3.828243e-09	-2.659208e+01	-9.717737e+02
9.500000e-07	-4.842064e-09	-3.818372e-09	-2.635256e+01	-9.693186e+02
9.600000e-07	-4.797800e-09	-3.808173e-09	-2.611166e+01	-9.668189e+02
9.700000e-07	-4.753235e-09	-3.797892e-09	-2.586911e+01	-9.642744e+02
9.800000e-07	-4.708335e-09	-3.787364e-09	-2.562475e+01	-9.616851e+02
9.900000e-07	-4.663095e-09	-3.776845e-09	-2.537853e+01	-9.590517e+02
1.000000e-06	-4.617528e-09	-3.766860e-09	-2.513054e+01	-9.563751e+02
1.010000e-06	-4.571662e-09	-3.756452e-09	-2.488092e+01	-9.536564e+02
1.020000e-06	-4.525502e-09	-3.745468e-09	-2.462970e+01	-9.508967e+02
1.030000e-06	-4.479028e-09	-3.734829e-09	-2.437677e+01	-9.480972e+02
1.040000e-06	-4.432212e-09	-3.724614e-09	-2.412197e+01	-9.452587e+02
1.050000e-06	-4.385051e-09	-3.713935e-09	-2.386531e+01	-9.423815e+02
1.060000e-06	-4.337587e-09	-3.702672e-09	-2.360698e+01	-9.394653e+02
1.070000e-06	-4.289874e-09	-3.690878e-09	-2.334731e+01	-9.365092e+02
1.080000e-06	-4.241934e-09	-3.678456e-09	-2.308640e+01	-9.335117e+02
1.090000e-06	-4.193749e-09	-3.665997e-09	-2.282416e+01	-9.304702e+02
1.100000e-06	-4.145271e-09	-3.654057e-09	-2.256032e+01	-9.273821e+02
1.110000e-06	-4.096438e-09	-3.642023e-09	-2.229455e+01	-9.242439e+02
1.120000e-06	-4.047188e-09	-3.629663e-09	-2.202651e+01	-9.210520e+02
1.130000e-06	-3.997482e-09	-3.617363e-09	-2.175599e+01	-9.178029e+02
1.140000e-06	-3.947323e-09	-3.604856e-09	-2.148300e+01	-9.144930e+02
1.150000e-06	-3.896730e-09	-3.591367e-09	-2.120766e+01	-9.111193e+02
1.160000e-06	-3.845742e-09	-3.577092e-09	-2.093016e+01	-9.076793e+02
1.170000e-06	-3.794403e-09	-3.562801e-09	-2.065075e+01	-9.041709e+02
1.180000e-06	-3.742757e-09	-3.549153e-09	-2.036968e+01	-9.005929e+02
1.190000e-06	-3.690831e-09	-3.536050e-09	-2.008707e+01	-8.969445e+02
1.200000e-06	-3.638628e-09	-3.522490e-09	-1.980296e+01	-8.932254e+02
1.210000e-06	-3.586151e-09	-3.507817e-09	-1.951736e+01	-8.894358e+02
1.220000e-06	-3.533398e-09	-3.492251e-09	-1.923026e+01	-8.855758e+02
1.230000e-06	-3.480381e-09	-3.476745e-09	-1.894171e+01	-8.816455e+02
1.240000e-06	-3.427111e-09	-3.461571e-09	-1.865180e+01	-8.776447e+02
1.250000e-06	-3.373599e-09	-3.446047e-09	-1.836056e+01	-8.735728e+02
1.260000e-06	-3.319865e-09	-3.429865e-09	-1.806812e+01	-8.694285e+02
1.270000e-06	-3.265927e-09	-3.413455e-09	-1.777456e+01	-8.652099e+02
1.280000e-06	-3.211782e-09	-3.396688e-09	-1.747988e+01	-8.609143e+02
1.290000e-06	-3.157424e-09	-3.379570e-09	-1.718405e+01	-8.565386e+02
1.300000e-06	-3.102845e-09	-3.362218e-09	-1.688700e+01	-8.520791e+02
1.310000e-06	-3.048033e-09	-3.344224e-09	-1.658869e+01	-8.475318e+02
1.320000e-06	-2.992985e-09	-3.325735e-09	-1.628910e+01	-8.428928e+02
1.330000e-06	-2.937709e-09	-3.307599e-09	-1.598826e+01	-8.381584e+02
1.340000e-06	-2.882228e-09	-3.289272e-09	-1.568631e+01	-8.333250e+02
1.350000e-06	-2.826580e-09	-3.269741e-09	-1.538345e+01	-8.283900e+02
1.360000e-06	-2.770801e-09	-3.249222e-09	-1.507987e+01	-8.233512e+02
1.370000e-06	-2.714915e-09	-3.228203e-09	-1.477572e+01	-8.182070e+02
1.380000e-06	-2.658926e-09	-3.207044e-09	-1.447100e+01	-8.129568e+02
1.390000e-06	-2.602832e-09	-3.186149e-09	-1.416571e+01	-8.076001e+02
1.400000e-06	-2.546616e-09	-3.165113e-09	-1.385976e+01	-8.021371e+02
1.410000e-06	-2.490258e-09	-3.142986e-09	-1.355304e+01	-7.965679e+02
1.420000e-06	-2.433735e-09	-3.119899e-09	-1.324542e+01	-7.908924e+02
1.430000e-06	-2.377019e-09	-3.096748e-09	-1.293675e+01	-7.851100e+02
1.440000e-06	-2.320082e-09	-3.073176e-09	-1.262687e+01	-7.792194e+02
1.450000e-06	-2.262895e-09	-3.048699e-09	-1.231564e+01	-7.732182e+02
1.460000e-06	-2.205433e-09	-3.023817e-09	-1.200291e+01	-7.671030e+02
1.470000e-06	-2.147684e-09	-2.998568e-09	-1.168861e+01	-7.608690e+02
1.480000e-06	-2.089649e-09	-2.972982e-09	-1.137276e+01	-7.545103e+02
1.490000e-06	-2.031343e-09	-2.947432e-09	-1.105544e+01	-7.480199e+02
1.500000e-06	-1.972796e-09	-2.921475e-09	-1.073680e+01	-7.413898e+02
1.510000e-06	-1.914032e-09	-2.894503e-09	-1.041699e+01	-7.346112e+02
1.520000e-06	-1.855083e-09	-2.866908e-09	-1.009616e+01	-7.276751e+02
1.530000e-06	-1.795985e-09	-2.838865e-09	-9.774524e+00	-7.205721e+02
1.540000e-06	-1.736750e-09	-2.810077e-09	-9.452142e+00	-7.132932e+02
1.550000e-06	-1.677387e-09	-2.780770e-09	-9.129065e+00	-7.058295e+02
1.560000e-06	-1.617907e-09	-2.750894e-09	-8.805346e+00	-6.981729e+02
1.570000e-06	-1.558322e-09	-2.720224e-09	-8.481059e+00	-6.903161e+02
1.580000e-06	-1.498648e-09	-2.688915e-09	-8.156288e+00	-6.822524e+02
1.590000e-06	-1.438894e-09	-2.656432e-09	-7.831081e+00	-6.739759e+02
1.600000e-06	-1.379066e-09	-2.622722e-09	-7.505473e+00	-6.654815e+02
1.610000e-06	-1.319174e-09	-2.588308e-09	-7.179513e+00	-6.567644e+02
1.620000e-06	-1.259217e-09	-2.552954e-09	-6.853199e+00	-6.478201e+02
1.630000e-06	-1.199199e-09	-2.516549e-09	-6.526558e+00	-6.386441e+02
1.640000e-06	-1.139131e-09	-2.479355e-09	-6.199639e+00	-6.292316e+02
1.650000e-06	-1.079016e-09	-2.441151e-09	-5.872466e+00	-6.195773e+02
1.660000e-06	-1.018867e-09	-2.401739e-09	-5.545108e+00	-6.096749e+02
1.670000e-06	-9.586817e-10	-2.361490e-09	-5.217555e+00	-5.995174e+02
1.680000e-06	-8.984609e-10	-2.320526e-09	-4.889808e+00	-5.890966e+02
1.690000e-06	-8.382050e-10	-2.278699e-09	-4.561869e+00	-5.784030e+02
1.700000e-06	-7.779048e-10	-2.235792e-09	-4.233690e+00	-5.674260e+02
1.710000e-06	-7.175570e-10	-2.191269e-09	-3.905251e+00	-5.561540e+02
1.720000e-06	-6.571584e-10	-2.145196e-09	-3.576536e+00	-5.445745e+02
1.730000e-06	-5.967130e-10	-2.097840e-09	-3.247566e+00	-5.326739e+02
1.740000e-06	-5.362239e-10	-2.048949e-09	-2.918359e+00	-5.204387e+02
1.750000e-06	-4.756906e-10	-1.998548e-09	-2.588911e+00	-5.078550e+02
1.760000e-06	-4.151184e-10	-1.946862e-09	-2.259251e+00	-4.949091e+02
1.770000e-06	-3.545155e-10	-1.893968e-09	-1.929424e+00	-4.815880e+02
1.780000e-06	-2.938975e-10	-1.839904e-09	-1.599516e+00	-4.678798e+02
1.790000e-06	-2.332689e-10	-1.784318e-09	-1.269549e+00	-4.537739e+02
1.800000e-06	-1.726369e-10	-1.726785e-09	-9.395643e-01	-4.392617e+02
1.810000e-06	-1.120111e-10	-1.667299e-09	-6.096132e-01	-4.243366e+02
1.820000e-06	-5.138671e-11	-1.606283e-09	-2.796692e-01	-4.089947e+02
1.830000e-06	9.241482e-12	-1.543862e-09	5.029510e-02	-3.932350e+02
1.840000e-06	6.987349e-11	-1.479903e-09	3.802803e-01	-3.770595e+02
1.850000e-06	1.305046e-10	-1.414455e-09	7.102607e-01	-3.604735e+02
1.860000e-06	1.911327e-10	-1.347281e-09	1.040225e+00	-3.434858e+02
1.870000e-06	2.517535e-10	-1.278678e-09	1.370148e+00	-3.261082e+02
1.880000e-06	3.123611e-10	-1.208861e-09	1.700001e+00	-3.083560e+02
1.890000e-06	3.729502e-10	-1.137489e-09	2.029752e+00	-2.902475e+02
1.900000e-06	4.335158e-10	-1.064698e-09	2.359376e+00	-2.718033e+02
1.910000e-06	4.940529e-10	-9.908972e-10	2.688845e+00	-2.530467e+02
1.920000e-06	5.545513e-10	-9.159916e-10	3.018103e+00	-2.340025e+02
1.930000e-06	6.150032e-10	-8.397218e-10	3.347107e+00	-2.146968e+02
1.940000e-06	6.754024e-10	-7.623805e-10	3.675826e+00	-1.951563e+02
1.950000e-06	7.357424e-10	-6.842151e-10	4.004222e+00	-1.754079e+02
1.960000e-06	7.960273e-10	-6.054195e-10	4.332318e+00	-1.554778e+02
1.970000e-06	8.562640e-10	-5.264001e-10	4.660153e+00	-1.353915e+02
1.980000e-06	9.164573e-10	-4.470228e-10	4.987751e+00	-1.151730e+02
1.990000e-06	9.766123e-10	-3.669646e-10	5.315140e+00	-9.484487e+01
2.000000e-06	1.036728e-09	-2.863494e-10	5.642317e+00	-7.442785e+01
2.010000e-06	1.096806e-09	-2.053497e-10	5.969289e+00	-5.394100e+01
2.020000e-06	1.156844e-09	-1.241071e-10	6.296040e+00	-3.340172e+01
2.030000e-06	1.216831e-09	-4.279876e-11	6.622516e+00	-1.282610e+01
2.040000e-06	1.276765e-09	3.856591e-11	6.948704e+00	7.770862e+00
2.050000e-06	1.336643e-09	1.199807e-10	7.274583e+00	2.837478e+01
2.060000e-06	1.396458e-09	2.013051e-10	7.600125e+00	4.897151e+01
2.070000e-06	1.456207e-09	2.823727e-10	7.925304e+00	6.954667e+01
2.080000e-06	1.515878e-09	3.632684e-10	8.250062e+00	9.008536e+01
2.090000e-06	1.575458e-09	4.442518e-10	8.574321e+00	1.105717e+02
2.100000e-06	1.634932e-09	5.250035e-10	8.898006e+00	1.309890e+02
2.110000e-06	1.694296e-09	6.050198e-10	9.221091e+00	1.513190e+02
2.120000e-06	1.753541e-09	6.844653e-10	9.543526e+00	1.715426e+02
2.130000e-06	1.812647e-09	7.636786e-10	9.865203e+00	1.916398e+02
2.140000e-06	1.871596e-09	8.423793e-10	1.018603e+01	2.115898e+02
2.150000e-06	1.930375e-09	9.203912e-10	1.050593e+01	2.313716e+02
2.160000e-06	1.988954e-09	9.976267e-10	1.082474e+01	2.509641e+02
2.170000e-06	2.047293e-09	1.073725e-09	1.114224e+01	2.703472e+02
2.180000e-06	2.105374e-09	1.148990e-09	1.145834e+01	2.895014e+02
2.190000e-06	2.163184e-09	1.223577e-09	1.177297e+01	3.084089e+02
2.200000e-06	2.220711e-09	1.296864e-09	1.208605e+01	3.270535e+02
2.210000e-06	2.277961e-09	1.368682e-09	1.239763e+01	3.454213e+02
2.220000e-06	2.334940e-09	1.439525e-09	1.270773e+01	3.635003e+02
2.230000e-06	2.391665e-09	1.509504e-09	1.301645e+01	3.812810e+02
2.240000e-06	2.448176e-09	1.578124e-09	1.332401e+01	3.987561e+02
2.250000e-06	2.504509e-09	1.645257e-09	1.363060e+01	4.159202e+02
2.260000e-06	2.560686e-09	1.711421e-09	1.393634e+01	4.327702e+02
2.270000e-06	2.616732e-09	1.776791e-09	1.424136e+01	4.493044e+02
2.280000e-06	2.672663e-09	1.840823e-09	1.454577e+01	4.655225e+02
2.290000e-06	2.728482e-09	1.903373e-09	1.484955e+01	4.814256e+02
2.300000e-06	2.784179e-09	1.964706e-09	1.515268e+01	4.970155e+02
2.310000e-06	2.839731e-09	2.024708e-09	1.545502e+01	5.122945e+02
2.320000e-06	2.895115e-09	2.083406e-09	1.575645e+01	5.272657e+02
2.330000e-06	2.950310e-09	2.140885e-09	1.605684e+01	5.419322e+02
2.340000e-06	3.005299e-09	2.196886e-09	1.635611e+01	5.562974e+02
2.350000e-06	3.060065e-09	2.251551e-09	1.665418e+01	5.703646e+02
2.360000e-06	3.114610e-09	2.305508e-09	1.695103e+01	5.841371e+02
2.370000e-06	3.168939e-09	2.358660e-09	1.724671e+01	5.976181e+02
2.380000e-06	3.223054e-09	2.410285e-09	1.754123e+01	6.108105e+02
2.390000e-06	3.276960e-09	2.460473e-09	1.783461e+01	6.237171e+02
2.400000e-06	3.330645e-09	2.509731e-09	1.812679e+01	6.363399e+02
2.410000e-06	3.384100e-09	2.557998e-09	1.841771e+01	6.486807e+02
2.420000e-06	3.437310e-09	2.605430e-09	1.870730e+01	6.607408e+02
2.430000e-06	3.490263e-09	2.651920e-09	1.899549e+01	6.725206e+02
2.440000e-06	3.542947e-09	2.697170e-09	1.928222e+01	6.840199e+02
2.450000e-06	3.595357e-09	2.741243e-09	1.956746e+01	6.952377e+02
2.460000e-06	3.647496e-09	2.784273e-09	1.985122e+01	7.061725e+02
2.470000e-06	3.699356e-09	2.826313e-09	2.013347e+01	7.168221e+02
2.480000e-06	3.750922e-09	2.867156e-09	2.041411e+01	7.271839e+02
2.490000e-06	3.802158e-09	2.906604e-09	2.069296e+01	7.372553e+02
2.500000e-06	3.853014e-09	2.944464e-09	2.096973e+01	7.470335e+02
2.510000e-06	3.903434e-09	2.981199e-09	2.124414e+01	7.565165e+02
2.520000e-06	3.953383e-09	3.017262e-09	2.151599e+01	7.657029e+02
2.530000e-06	4.002871e-09	3.052382e-09	2.178532e+01	7.745923e+02
2.540000e-06	4.051925e-09	3.086262e-09	2.205229e+01	7.831858e+02
2.550000e-06	4.100597e-09	3.118899e-09	2.231718e+01	7.914861e+02
2.560000e-06	4.148955e-09	3.150332e-09	2.258037e+01	7.994976e+02
2.570000e-06	4.197060e-09	3.180591e-09	2.284218e+01	8.072265e+02
2.580000e-06	4.244947e-09	3.209687e-09	2.310280e+01	8.146806e+02
2.590000e-06	4.292613e-09	3.237465e-09	2.336221e+01	8.218695e+02
2.600000e-06	4.340019e-09	3.264266e-09	2.362022e+01	8.288038e+02
2.610000e-06	4.387123e-09	3.290516e-09	2.387658e+01	8.354951e+02
2.620000e-06	4.433896e-09	3.316104e-09	2.413114e+01	8.419556e+02
2.630000e-06	4.480327e-09	3.340899e-09	2.438384e+01	8.481975e+02
2.640000e-06	4.526435e-09	3.364797e-09	2.463477e+01	8.542327e+02
2.650000e-06	4.572241e-09	3.387889e-09	2.488407e+01	8.600724e+02
2.660000e-06	4.617747e-09	3.410491e-09	2.513173e+01	8.657268e+02
2.670000e-06	4.662937e-09	3.432402e-09	2.537767e+01	8.712050e+02
2.680000e-06	4.707797e-09	3.453280e-09	2.562182e+01	8.765146e+02
2.690000e-06	4.752342e-09	3.473361e-09	2.586426e+01	8.816622e+02
2.700000e-06	4.796612e-09	3.492839e-09	2.610519e+01	8.866529e+02
2.710000e-06	4.840658e-09	3.511783e-09	2.634491e+01	8.914911e+02
2.720000e-06	4.884510e-09	3.530227e-09	2.658357e+01	8.961802e+02
2.730000e-06	4.928130e-09	3.548080e-09	2.682097e+01	9.007233e+02
2.740000e-06	4.971424e-09	3.565204e-09	2.705660e+01	9.051235e+02
2.750000e-06	5.014261e-09	3.581437e-09	2.728973e+01	9.093840e+02
2.760000e-06	5.056520e-09	3.597047e-09	2.751972e+01	9.135082e+02
2.770000e-06	5.098149e-09	3.612392e-09	2.774629e+01	9.175004e+02
2.780000e-06	5.139182e-09	3.627423e-09	2.796960e+01	9.213654e+02
2.790000e-06	5.179736e-09	3.641850e-09	2.819031e+01	9.251086e+02
2.800000e-06	5.219943e-09	3.655833e-09	2.840914e+01	9.287363e+02
2.810000e-06	5.259895e-09	3.669602e-09	2.862657e+01	9.322548e+02
2.820000e-06	5.299620e-09	3.682885e-09	2.884277e+01	9.356710e+02
2.830000e-06	5.339077e-09	3.695824e-09	2.905752e+01	9.389916e+02
2.840000e-06	5.378200e-09	3.708514e-09	2.927044e+01	9.422231e+02
2.850000e-06	5.416934e-09	3.720718e-09	2.948125e+01	9.453717e+02
2.860000e-06	5.455257e-09	3.732562e-09	2.968982e+01	9.484429e+02
2.870000e-06	5.493175e-09	3.744350e-09	2.989619e+01	9.514415e+02
2.880000e-06	5.530691e-09	3.756134e-09	3.010036e+01	9.543717e+02
2.890000e-06	5.567794e-09	3.767673e-09	3.030229e+01	9.572367e+02
2.900000e-06	5.604493e-09	3.778843e-09	3.050203e+01	9.600393e+02
2.910000e-06	5.640841e-09	3.789602e-09	3.069985e+01	9.627816e+02
2.920000e-06	5.676911e-09	3.800128e-09	3.089616e+01	9.654656e+02
2.930000e-06	5.712749e-09	3.810743e-09	3.109120e+01	9.680929e+02
2.940000e-06	5.748320e-09	3.821177e-09	3.128480e+01	9.706649e+02
2.950000e-06	5.783508e-09	3.831135e-09	3.147630e+01	9.731834e+02
2.960000e-06	5.818159e-09	3.840951e-09	3.166488e+01	9.756501e+02
2.970000e-06	5.852145e-09	3.850939e-09	3.184985e+01	9.780669e+02
2.980000e-06	5.885432e-09	3.860845e-09	3.203102e+01	9.804359e+02
2.990000e-06	5.918118e-09	3.870254e-09	3.220891e+01	9.827592e+02
3.000000e-06	5.950367e-09	3.879014e-09	3.238442e+01	9.850389e+02
3.010000e-06	5.982302e-09	3.887428e-09	3.255822e+01	9.872770e+02
3.020000e-06	6.013954e-09	3.896243e-09	3.273049e+01	9.894750e+02
3.030000e-06	6.045256e-09	3.905454e-09	3.290085e+01	9.916344e+02
3.040000e-06	6.076128e-09	3.914196e-09	3.306886e+01	9.937558e+02
3.050000e-06	6.106545e-09	3.922203e-09	3.323440e+01	9.958396e+02
3.060000e-06	6.136528e-09	3.929977e-09	3.339759e+01	9.978856e+02
3.070000e-06	6.166101e-09	3.938077e-09	3.355853e+01	9.998933e+02
3.080000e-06	6.195251e-09	3.946426e-09	3.371718e+01	1.001862e+03
3.090000e-06	6.223986e-09	3.954324e-09	3.387357e+01	1.003790e+03
3.100000e-06	6.252354e-09	3.961641e-09	3.402796e+01	1.005677e+03
3.110000e-06	6.280418e-09	3.968903e-09	3.418070e+01	1.007523e+03
3.120000e-06	6.308210e-09	3.976462e-09	3.433195e+01	1.009326e+03
3.130000e-06	6.335664e-09	3.983914e-09	3.448137e+01	1.011087e+03
3.140000e-06	6.362608e-09	3.990531e-09	3.462801e+01	1.012806e+03
3.150000e-06	6.388836e-09	3.996612e-09	3.477076e+01	1.014485e+03
3.160000e-06	6.414277e-09	4.003126e-09	3.490921e+01	1.016124e+03
3.170000e-06	6.439029e-09	4.010196e-09	3.504392e+01	1.017727e+03
3.180000e-06	6.463268e-09	4.016846e-09	3.517584e+01	1.019294e+03
3.190000e-06	6.487125e-09	4.022543e-09	3.530568e+01	1.020828e+03
3.200000e-06	6.510608e-09	4.027866e-09	3.543349e+01	1.022331e+03
3.210000e-06	6.533655e-09	4.033541e-09	3.555892e+01	1.023805e+03
3.220000e-06	6.556236e-09	4.039626e-09	3.568181e+01	1.025250e+03
3.230000e-06	6.578376e-09	4.045529e-09	3.580231e+01	1.026667e+03
3.240000e-06	6.600096e-09	4.050980e-09	3.592052e+01	1.028056e+03
3.250000e-06	6.621359e-09	4.056076e-09	3.603624e+01	1.029418e+03
3.260000e-06	6.642139e-09	4.061079e-09	3.614933e+01	1.030749e+03
3.270000e-06	6.662498e-09	4.066368e-09	3.626014e+01	1.032051e+03
3.280000e-06	6.682529e-09	4.071690e-09	3.636916e+01	1.033320e+03
3.290000e-06	6.702260e-09	4.076552e-09	3.647654e+01	1.034557e+03
3.300000e-06	6.721609e-09	4.080978e-09	3.658185e+01	1.035759e+03
3.310000e-06	6.740444e-09	4.085556e-09	3.668436e+01	1.036926e+03
3.320000e-06	6.758678e-09	4.090412e-09	3.678359e+01	1.038058e+03
3.330000e-06	6.776344e-09	4.094964e-09	3.687974e+01	1.039155e+03
3.340000e-06	6.793543e-09	4.099220e-09	3.697334e+01	1.040217e+03
3.350000e-06	6.810339e-09	4.103356e-09	3.706475e+01	1.041247e+03
3.360000e-06	6.826708e-09	4.107439e-09	3.715384e+01	1.042245e+03
3.370000e-06	6.842540e-09	4.111471e-09	3.724000e+01	1.043213e+03
3.380000e-06	6.857740e-09	4.115175e-09	3.732273e+01	1.044153e+03
3.390000e-06	6.872327e-09	4.118500e-09	3.740212e+01	1.045065e+03
3.400000e-06	6.886395e-09	4.121858e-09	3.747868e+01	1.045951e+03
3.410000e-06	6.899975e-09	4.125477e-09	3.755259e+01	1.046811e+03
3.420000e-06	6.913042e-09	4.128779e-09	3.762371e+01	1.047645e+03
3.430000e-06	6.925599e-09	4.131586e-09	3.769205e+01	1.048451e+03
3.440000e-06	6.937690e-09	4.134413e-09	3.775786e+01	1.049230e+03
3.450000e-06	6.949314e-09	4.137215e-09	3.782112e+01	1.049979e+03
3.460000e-06	6.960345e-09	4.139765e-09	3.788115e+01	1.050698e+03
3.470000e-06	6.970633e-09	4.142330e-09	3.793714e+01	1.051384e+03
3.480000e-06	6.980110e-09	4.144886e-09	3.798872e+01	1.052036e+03
3.490000e-06	6.988866e-09	4.147153e-09	3.803637e+01	1.052654e+03
3.500000e-06	6.997113e-09	4.149271e-09	3.808126e+01	1.053238e+03
3.510000e-06	7.005010e-09	4.151410e-09	3.812424e+01	1.053788e+03
3.520000e-06	7.012556e-09	4.153428e-09	3.816531e+01	1.054306e+03
3.530000e-06	7.019654e-09	4.155314e-09	3.820394e+01	1.054792e+03
3.540000e-06	7.026241e-09	4.157046e-09	3.823978e+01	1.055249e+03
3.550000e-06	7.032313e-09	4.158540e-09	3.827283e+01	1.055680e+03
3.560000e-06	7.037881e-09	4.159962e-09	3.830313e+01	1.056086e+03
3.570000e-06	7.042930e-09	4.161429e-09	3.833062e+01	1.056470e+03
3.580000e-06	7.047492e-09	4.162854e-09	3.835544e+01	1.056832e+03
3.590000e-06	7.051671e-09	4.164025e-09	3.837819e+01	1.057174e+03
3.600000e-06	7.055537e-09	4.164847e-09	3.839923e+01	1.057495e+03
3.610000e-06	7.059029e-09	4.165455e-09	3.841823e+01	1.057795e+03
3.620000e-06	7.061984e-09	4.166061e-09	3.843432e+01	1.058072e+03
3.630000e-06	7.064226e-09	4.166716e-09	3.844652e+01	1.058325e+03
3.640000e-06	7.065681e-09	4.167080e-09	3.845444e+01	1.058551e+03
3.650000e-06	7.066440e-09	4.167357e-09	3.845857e+01	1.058748e+03
3.660000e-06	7.066694e-09	4.168152e-09	3.845995e+01	1.058915e+03
3.670000e-06	7.066588e-09	4.168691e-09	3.845937e+01	1.059051e+03
3.680000e-06	7.066108e-09	4.168640e-09	3.845676e+01	1.059155e+03
3.690000e-06	7.065164e-09	4.168893e-09	3.845163e+01	1.059229e+03
3.700000e-06	7.063721e-09	4.168987e-09	3.844377e+01	1.059275e+03
3.710000e-06	7.061815e-09	4.168619e-09	3.843340e+01	1.059295e+03
3.720000e-06	7.059480e-09	4.168231e-09	3.842069e+01	1.059295e+03
3.730000e-06	7.056687e-09	4.166537e-09	3.840549e+01	1.059277e+03
3.740000e-06	7.053418e-09	4.164000e-09	3.838770e+01	1.059248e+03
3.750000e-06	7.049673e-09	4.172180e-09	3.836732e+01	1.059212e+03
3.760000e-06	7.045285e-09	4.189134e-09	3.834344e+01	1.059172e+03
3.770000e-06	7.039978e-09	4.170032e-09	3.831455e+01	1.059132e+03
3.780000e-06	7.033892e-09	4.130866e-09	3.828143e+01	1.059093e+03
3.790000e-06	7.027588e-09	4.159903e-09	3.824712e+01	1.059057e+03
3.800000e-06	7.021194e-09	4.206400e-09	3.821232e+01	1.059021e+03
3.810000e-06	7.014273e-09	4.169669e-09	3.817465e+01	1.058983e+03
3.820000e-06	7.006640e-09	4.117262e-09	3.813311e+01	1.058939e+03
3.830000e-06	6.998564e-09	4.153823e-09	3.808916e+01	1.058884e+03
3.840000e-06	6.990197e-09	4.210085e-09	3.804363e+01	1.058813e+03
3.850000e-06	6.981331e-09	4.170110e-09	3.799537e+01	1.058720e+03
3.860000e-06	6.971822e-09	4.111867e-09	3.794362e+01	1.058602e+03
3.870000e-06	6.961854e-09	4.152207e-09	3.788937e+01	1.058454e+03
3.880000e-06	6.951543e-09	4.205528e-09	3.783325e+01	1.058274e+03
3.890000e-06	6.940712e-09	4.158537e-09	3.777431e+01	1.058062e+03
3.900000e-06	6.929266e-09	4.113809e-09	3.771201e+01	1.057819e+03
3.910000e-06	6.917306e-09	4.167138e-09	3.764692e+01	1.057548e+03
3.920000e-06	6.904734e-09	4.196144e-09	3.757850e+01	1.057255e+03
3.930000e-06	6.891314e-09	4.132999e-09	3.750546e+01	1.056945e+03
3.940000e-06	6.877121e-09	4.119101e-09	3.742822e+01	1.056625e+03
3.950000e-06	6.862384e-09	4.184662e-09	3.734801e+01	1.056303e+03
3.960000e-06	6.847120e-09	4.175518e-09	3.726494e+01	1.055985e+03
3.970000e-06	6.831339e-09	4.111778e-09	3.717905e+01	1.055676e+03
3.980000e-06	6.815177e-09	4.139202e-09	3.709109e+01	1.055380e+03
3.990000e-06	6.798628e-09	4.180486e-09	3.700102e+01	1.055100e+03
4.000000e-06	6.781540e-09	4.128220e-09	3.690803e+01	1.054835e+03
4.010000e-06	6.763924e-09	4.109511e-09	3.681215e+01	1.054583e+03
4.020000e-06	6.745887e-09	4.171569e-09	3.671399e+01	1.054338e+03
4.030000e-06	6.727383e-09	4.163421e-09	3.661328e+01	1.054095e+03
4.040000e-06	6.708364e-09	4.102954e-09	3.650977e+01	1.053844e+03
4.050000e-06	6.688928e-09	4.133590e-09	3.640399e+01	1.053576e+03
4.060000e-06	6.669149e-09	4.172259e-09	3.629634e+01	1.053281e+03
4.070000e-06	6.649016e-09	4.118608e-09	3.618678e+01	1.052950e+03
4.080000e-06	6.628512e-09	4.106916e-09	3.607519e+01	1.052572e+03
4.090000e-06	6.607505e-09	4.164077e-09	3.596085e+01	1.052141e+03
4.100000e-06	6.585754e-09	4.142075e-09	3.584248e+01	1.051649e+03
4.110000e-06	6.563189e-09	4.098827e-09	3.571967e+01	1.051093e+03
4.120000e-06	6.539978e-09	4.142509e-09	3.559334e+01	1.050470e+03
4.130000e-06	6.516299e-09	4.151282e-09	3.546448e+01	1.049779e+03
4.140000e-06	6.492275e-09	4.096367e-09	3.533372e+01	1.049023e+03
4.150000e-06	6.467934e-09	4.114702e-09	3.520125e+01	1.048202e+03
4.160000e-06	6.443167e-09	4.147977e-09	3.506646e+01	1.047323e+03
4.170000e-06	6.417902e-09	4.103165e-09	3.492895e+01	1.046388e+03
4.180000e-06	6.392186e-09	4.092779e-09	3.478900e+01	1.045404e+03
4.190000e-06	6.366029e-09	4.129531e-09	3.464664e+01	1.044374e+03
4.200000e-06	6.339361e-09	4.107806e-09	3.450150e+01	1.043303e+03
4.210000e-06	6.312190e-09	4.083826e-09	3.435363e+01	1.042196e+03
4.220000e-06	6.284609e-09	4.105643e-09	3.420352e+01	1.041053e+03
4.230000e-06	6.256718e-09	4.096295e-09	3.405173e+01	1.039879e+03
4.240000e-06	6.228560e-09	4.072079e-09	3.389848e+01	1.038673e+03
4.250000e-06	6.200065e-09	4.081676e-09	3.374340e+01	1.037437e+03
4.260000e-06	6.171081e-09	4.081033e-09	3.358565e+01	1.036170e+03
4.270000e-06	6.141447e-09	4.065330e-09	3.342437e+01	1.034873e+03
4.280000e-06	6.111093e-09	4.064617e-09	3.325917e+01	1.033544e+03
4.290000e-06	6.080070e-09	4.058637e-09	3.309034e+01	1.032183e+03
4.300000e-06	6.048524e-09	4.050050e-09	3.291865e+01	1.030790e+03
4.310000e-06	6.016602e-09	4.050870e-09	3.274491e+01	1.029366e+03
4.320000e-06	5.984355e-09	4.040192e-09	3.256941e+01	1.027909e+03
4.330000e-06	5.951748e-09	4.029695e-09	3.239195e+01	1.026422e+03
4.340000e-06	5.918723e-09	4.031979e-09	3.221222e+01	1.024905e+03
4.350000e-06	5.885255e-09	4.022231e-09	3.203007e+01	1.023358e+03
4.360000e-06	5.851381e-09	4.011306e-09	3.184571e+01	1.021783e+03
4.370000e-06	5.817134e-09	4.013601e-09	3.165933e+01	1.020180e+03
4.380000e-06	5.782497e-09	4.003560e-09	3.147082e+01	1.018549e+03
4.390000e-06	5.747456e-09	3.989444e-09	3.128011e+01	1.016892e+03
4.400000e-06	5.712030e-09	3.991496e-09	3.108731e+01	1.015207e+03
4.410000e-06	5.676287e-09	3.986201e-09	3.089278e+01	1.013494e+03
4.420000e-06	5.640289e-09	3.970564e-09	3.069686e+01	1.011753e+03
4.430000e-06	5.604016e-09	3.965914e-09	3.049945e+01	1.009983e+03
4.440000e-06	5.567365e-09	3.962092e-09	3.029998e+01	1.008182e+03
4.450000e-06	5.530190e-09	3.951506e-09	3.009766e+01	1.006350e+03
4.460000e-06	5.492372e-09	3.944849e-09	2.989184e+01	1.004486e+03
4.470000e-06	5.453877e-09	3.938355e-09	2.968233e+01	1.002588e+03
4.480000e-06	5.414784e-09	3.928381e-09	2.946957e+01	1.000657e+03
4.490000e-06	5.375244e-09	3.921077e-09	2.925438e+01	9.986921e+02
4.500000e-06	5.335382e-09	3.914112e-09	2.903743e+01	9.966927e+02
4.510000e-06	5.295254e-09	3.905281e-09	2.881904e+01	9.946587e+02
4.520000e-06	5.254849e-09	3.896725e-09	2.859913e+01	9.925900e+02
4.530000e-06	5.214115e-09	3.887645e-09	2.837745e+01	9.904864e+02
4.540000e-06	5.173004e-09	3.879208e-09	2.815370e+01	9.883475e+02
4.550000e-06	5.131512e-09	3.872058e-09	2.792789e+01	9.861727e+02
4.560000e-06	5.089671e-09	3.862527e-09	2.770017e+01	9.839612e+02
4.570000e-06	5.047510e-09	3.851866e-09	2.747071e+01	9.817118e+02
4.580000e-06	5.005024e-09	3.843253e-09	2.723948e+01	9.794234e+02
4.590000e-06	4.962171e-09	3.834839e-09	2.700626e+01	9.770947e+02
4.600000e-06	4.918928e-09	3.824856e-09	2.677091e+01	9.747242e+02
4.610000e-06	4.875337e-09	3.814745e-09	2.653367e+01	9.723108e+02
4.620000e-06	4.831488e-09	3.804793e-09	2.629502e+01	9.698534e+02
4.630000e-06	4.787424e-09	3.794798e-09	2.605521e+01	9.673514e+02
4.640000e-06	4.743123e-09	3.785319e-09	2.581411e+01	9.648046e+02
4.650000e-06	4.698533e-09	3.775670e-09	2.557143e+01	9.622130e+02
4.660000e-06	4.653610e-09	3.764930e-09	2.532694e+01	9.595774e+02
4.670000e-06	4.608324e-09	3.753779e-09	2.508047e+01	9.568985e+02
4.680000e-06	4.562663e-09	3.743147e-09	2.483197e+01	9.541776e+02
4.690000e-06	4.516643e-09	3.732736e-09	2.458151e+01	9.514157e+02
4.700000e-06	4.470280e-09	3.721579e-09	2.432918e+01	9.486141e+02
4.710000e-06	4.423606e-09	3.709498e-09	2.407516e+01	9.457734e+02
4.720000e-06	4.376648e-09	3.697439e-09	2.381960e+01	9.428940e+02
4.730000e-06	4.329411e-09	3.686315e-09	2.356251e+01	9.399757e+02
4.740000e-06	4.281875e-09	3.675580e-09	2.330380e+01	9.370174e+02
4.750000e-06	4.233998e-09	3.664078e-09	2.304324e+01	9.340175e+02
4.760000e-06	4.185741e-09	3.651701e-09	2.278060e+01	9.309737e+02
4.770000e-06	4.137090e-09	3.638857e-09	2.251582e+01	9.278829e+02
4.780000e-06	4.088057e-09	3.626089e-09	2.224897e+01	9.247420e+02
4.790000e-06	4.038674e-09	3.613434e-09	2.198020e+01	9.215472e+02
4.800000e-06	3.988980e-09	3.600777e-09	2.170974e+01	9.182949e+02
4.810000e-06	3.939000e-09	3.587988e-09	2.143773e+01	9.149818e+02
4.820000e-06	3.888750e-09	3.574911e-09	2.116425e+01	9.116047e+02
4.830000e-06	3.838224e-09	3.561359e-09	2.088927e+01	9.081612e+02
4.840000e-06	3.787399e-09	3.547561e-09	2.061266e+01	9.046492e+02
4.850000e-06	3.736267e-09	3.533165e-09	2.033437e+01	9.010675e+02
4.860000e-06	3.684837e-09	3.517609e-09	2.005447e+01	8.974154e+02
4.870000e-06	3.633132e-09	3.501806e-09	1.977307e+01	8.936926e+02
4.880000e-06	3.581173e-09	3.486924e-09	1.949029e+01	8.898993e+02
4.890000e-06	3.528970e-09	3.472213e-09	1.920618e+01	8.860356e+02
4.900000e-06	3.476514e-09	3.456803e-09	1.892069e+01	8.821016e+02
4.910000e-06	3.423777e-09	3.440968e-09	1.863367e+01	8.780972e+02
4.920000e-06	3.370723e-09	3.424818e-09	1.834493e+01	8.740217e+02
4.930000e-06	3.317315e-09	3.408116e-09	1.805426e+01	8.698737e+02
4.940000e-06	3.263526e-09	3.391127e-09	1.776152e+01	8.656513e+02
4.950000e-06	3.209354e-09	3.373843e-09	1.746670e+01	8.613518e+02
4.960000e-06	3.154814e-09	3.356192e-09	1.716987e+01	8.569720e+02
4.970000e-06	3.099928e-09	3.338457e-09	1.687116e+01	8.525083e+02
4.980000e-06	3.044737e-09	3.320685e-09	1.657079e+01	8.479566e+02
4.990000e-06	2.989278e-09	3.302620e-09	1.626896e+01	8.433130e+02
5.000000e-06	2.933593e-09	3.283911e-09	1.596589e+01	8.385737e+02
5.010000e-06	2.877732e-09	3.264664e-09	1.566187e+01	8.337355e+02
5.020000e-06	2.821728e-09	3.244999e-09	1.535708e+01	8.287954e+02
5.030000e-06	2.765594e-09	3.225470e-09	1.505157e+01	8.237513e+02
5.040000e-06	2.709332e-09	3.205936e-09	1.474537e+01	8.186019e+02
5.050000e-06	2.652941e-09	3.185402e-09	1.443847e+01	8.133463e+02
5.060000e-06	2.596408e-09	3.164200e-09	1.413079e+01	8.079843e+02
5.070000e-06	2.539719e-09	3.143005e-09	1.382226e+01	8.025160e+02
5.080000e-06	2.482866e-09	3.121295e-09	1.351284e+01	7.969414e+02
5.090000e-06	2.425839e-09	3.098953e-09	1.320248e+01	7.912605e+02
5.100000e-06	2.368631e-09	3.076844e-09	1.289113e+01	7.854728e+02
5.110000e-06	2.311246e-09	3.054973e-09	1.257882e+01	7.795767e+02
5.120000e-06	2.253686e-09	3.032414e-09	1.226555e+01	7.735700e+02
5.130000e-06	2.195948e-09	3.008828e-09	1.195131e+01	7.674490e+02
5.140000e-06	2.138038e-09	2.984243e-09	1.163614e+01	7.612091e+02
5.150000e-06	2.079963e-09	2.958804e-09	1.132007e+01	7.548443e+02
5.160000e-06	2.021734e-09	2.932677e-09	1.100317e+01	7.483474e+02
5.170000e-06	1.963364e-09	2.906727e-09	1.068550e+01	7.417104e+02
5.180000e-06	1.904864e-09	2.881003e-09	1.036711e+01	7.349245e+02
5.190000e-06	1.846250e-09	2.854021e-09	1.004811e+01	7.279807e+02
5.200000e-06	1.787518e-09	2.825927e-09	9.728467e+00	7.208696e+02
5.210000e-06	1.728659e-09	2.797665e-09	9.408132e+00	7.135820e+02
5.220000e-06	1.669678e-09	2.768617e-09	9.087134e+00	7.061093e+02
5.230000e-06	1.610576e-09	2.738319e-09	8.765473e+00	6.984433e+02
5.240000e-06	1.551356e-09	2.707107e-09	8.443176e+00	6.905767e+02
5.250000e-06	1.492030e-09	2.674811e-09	8.120295e+00	6.825029e+02
5.260000e-06	1.432602e-09	2.641808e-09	7.796867e+00	6.742161e+02
5.270000e-06	1.373077e-09	2.608708e-09	7.472906e+00	6.657111e+02
5.280000e-06	1.313461e-09	2.574889e-09	7.148449e+00	6.569831e+02
5.290000e-06	1.253758e-09	2.539683e-09	6.823521e+00	6.480278e+02
5.300000e-06	1.193983e-09	2.503382e-09	6.498201e+00	6.388405e+02
5.310000e-06	1.134152e-09	2.466286e-09	6.172573e+00	6.294166e+02
5.320000e-06	1.074278e-09	2.428464e-09	5.846714e+00	6.197506e+02
5.330000e-06	1.014370e-09	2.389840e-09	5.520664e+00	6.098363e+02
5.340000e-06	9.544209e-10	2.350227e-09	5.194397e+00	5.996667e+02
5.350000e-06	8.944325e-10	2.309710e-09	4.867914e+00	5.892333e+02
5.360000e-06	8.344082e-10	2.268357e-09	4.541235e+00	5.785269e+02
5.370000e-06	7.743495e-10	2.225812e-09	4.214369e+00	5.675367e+02
5.380000e-06	7.142565e-10	2.181857e-09	3.887317e+00	5.562511e+02
5.390000e-06	6.541280e-10	2.136311e-09	3.560072e+00	5.446574e+02
5.400000e-06	5.939665e-10	2.089392e-09	3.232647e+00	5.327423e+02
5.410000e-06	5.337742e-10	2.041618e-09	2.905054e+00	5.204921e+02
5.420000e-06	4.735554e-10	1.992889e-09	2.577317e+00	5.078927e+02
5.430000e-06	4.133182e-10	1.942579e-09	2.249480e+00	4.949307e+02
5.440000e-06	3.530596e-10	1.890366e-09	1.921527e+00	4.815930e+02
5.450000e-06	2.927866e-10	1.836818e-09	1.593496e+00	4.678676e+02
5.460000e-06	2.325059e-10	1.782201e-09	1.265422e+00	4.537442e+02
5.470000e-06	1.722234e-10	1.726063e-09	9.373383e-01	4.392140e+02
5.480000e-06	1.119499e-10	1.667832e-09	6.093041e-01	4.242706e+02
5.490000e-06	5.168437e-11	1.607623e-09	2.813128e-01	4.089102e+02
5.500000e-06	-8.579211e-12	1.545707e-09	-4.666756e-02	3.931318e+02
5.510000e-06	-6.884337e-11	1.482134e-09	-3.746511e-01	3.769376e+02
5.520000e-06	-1.291120e-10	1.416945e-09	-7.026591e-01	3.603330e+02
5.530000e-06	-1.893835e-10	1.350035e-09	-1.030683e+00	3.433269e+02
5.540000e-06	-2.496489e-10	1.281677e-09	-1.358673e+00	3.259313e+02
5.550000e-06	-3.099050e-10	1.212597e-09	-1.686613e+00	3.081615e+02
5.560000e-06	-3.701489e-10	1.142524e-09	-2.014486e+00	2.900360e+02
5.570000e-06	-4.303740e-10	1.070489e-09	-2.342257e+00	2.715756e+02
5.580000e-06	-4.905762e-10	9.964921e-10	-2.669904e+00	2.528037e+02
5.590000e-06	-5.507515e-10	9.211359e-10	-2.997404e+00	2.337451e+02
5.600000e-06	-6.108972e-10	8.448374e-10	-3.324743e+00	2.144260e+02
5.610000e-06	-6.710082e-10	7.680707e-10	-3.651894e+00	1.948733e+02
5.620000e-06	-7.310811e-10	6.909861e-10	-3.978837e+00	1.751137e+02
5.630000e-06	-7.911209e-10	6.129470e-10	-4.305599e+00	1.551736e+02
5.640000e-06	-8.511281e-10	5.343602e-10	-4.632185e+00	1.350784e+02
5.650000e-06	-9.111034e-10	4.558173e-10	-4.958597e+00	1.148521e+02
5.660000e-06	-9.710443e-10	3.763980e-10	-5.284821e+00	9.451724e+01
5.670000e-06	-1.030946e-09	2.957268e-10	-5.610832e+00	7.409452e+01
5.680000e-06	-1.090803e-09	2.147501e-10	-5.936602e+00	5.360294e+01
5.690000e-06	-1.150610e-09	1.337814e-10	-6.262097e+00	3.305989e+01
5.700000e-06	-1.210359e-09	5.300830e-11	-6.587276e+00	1.248138e+01
5.710000e-06	-1.270040e-09	-2.714756e-11	-6.912087e+00	-8.117568e+00
5.720000e-06	-1.329644e-09	-1.071015e-10	-7.236477e+00	-2.872260e+01
5.730000e-06	-1.389154e-09	-1.870916e-10	-7.560357e+00	-4.931953e+01
5.740000e-06	-1.448558e-09	-2.669353e-10	-7.883659e+00	-6.989400e+01
5.750000e-06	-1.507851e-09	-3.471471e-10	-8.206353e+00	-9.043101e+01
5.760000e-06	-1.567026e-09	-4.281870e-10	-8.528413e+00	-1.109147e+02
5.770000e-06	-1.626084e-09	-5.093695e-10	-8.849829e+00	-1.313282e+02
5.780000e-06	-1.685018e-09	-5.899523e-10	-9.170574e+00	-1.516534e+02
5.790000e-06	-1.743833e-09	-6.698166e-10	-9.490666e+00	-1.718711e+02
5.800000e-06	-1.802532e-09	-7.486363e-10	-9.810130e+00	-1.919611e+02
5.810000e-06	-1.861099e-09	-8.264283e-10	-1.012888e+01	-2.119028e+02
5.820000e-06	-1.919532e-09	-9.041705e-10	-1.044689e+01	-2.316750e+02
5.830000e-06	-1.977836e-09	-9.816181e-10	-1.076421e+01	-2.512570e+02
5.840000e-06	-2.035995e-09	-1.057643e-09	-1.108074e+01	-2.706283e+02
5.850000e-06	-2.093997e-09	-1.132703e-09	-1.139641e+01	-2.897698e+02
5.860000e-06	-2.151835e-09	-1.207361e-09	-1.171119e+01	-3.086637e+02
5.870000e-06	-2.209507e-09	-1.280903e-09	-1.202506e+01	-3.272940e+02
5.880000e-06	-2.266997e-09	-1.352919e-09	-1.233795e+01	-3.456467e+02
5.890000e-06	-2.324289e-09	-1.423889e-09	-1.264975e+01	-3.637102e+02
5.900000e-06	-2.381383e-09	-1.493802e-09	-1.296049e+01	-3.814749e+02
5.910000e-06	-2.438290e-09	-1.562539e-09	-1.327020e+01	-3.989336e+02
5.920000e-06	-2.495022e-09	-1.630111e-09	-1.357895e+01	-4.160812e+02
5.930000e-06	-2.551589e-09	-1.696229e-09	-1.388681e+01	-4.329146e+02
5.940000e-06	-2.608008e-09	-1.761079e-09	-1.419387e+01	-4.494321e+02
5.950000e-06	-2.664295e-09	-1.824920e-09	-1.450021e+01	-4.656335e+02
5.960000e-06	-2.720462e-09	-1.887884e-09	-1.480590e+01	-4.815199e+02
5.970000e-06	-2.776510e-09	-1.949863e-09	-1.511094e+01	-4.970932e+02
5.980000e-06	-2.832430e-09	-2.010570e-09	-1.541528e+01	-5.123558e+02
5.990000e-06	-2.888204e-09	-2.069744e-09	-1.571882e+01	-5.273105e+02
6.000000e-06	-2.943802e-09	-2.127226e-09	-1.602141e+01	-5.419608e+02
6.010000e-06	-2.999175e-09	-2.183300e-09	-1.632277e+01	-5.563098e+02
6.020000e-06	-3.054271e-09	-2.238151e-09	-1.662263e+01	-5.703609e+02
6.030000e-06	-3.109040e-09	-2.291804e-09	-1.692070e+01	-5.841176e+02
6.040000e-06	-3.163446e-09	-2.344452e-09	-1.721680e+01	-5.975828e+02
6.050000e-06	-3.217461e-09	-2.396321e-09	-1.751077e+01	-6.107597e+02
6.060000e-06	-3.271091e-09	-2.447472e-09	-1.780265e+01	-6.236509e+02
6.070000e-06	-3.324363e-09	-2.497703e-09	-1.809258e+01	-6.362586e+02
6.080000e-06	-3.377298e-09	-2.546649e-09	-1.838067e+01	-6.485846e+02
6.090000e-06	-3.429939e-09	-2.594344e-09	-1.866716e+01	-6.606300e+02
6.100000e-06	-3.482317e-09	-2.640837e-09	-1.895223e+01	-6.723954e+02
6.110000e-06	-3.534449e-09	-2.685807e-09	-1.923596e+01	-6.838805e+02
6.120000e-06	-3.586340e-09	-2.729401e-09	-1.951837e+01	-6.950844e+02
6.130000e-06	-3.637982e-09	-2.772213e-09	-1.979942e+01	-7.060054e+02
6.140000e-06	-3.689352e-09	-2.814368e-09	-2.007900e+01	-7.166413e+02
6.150000e-06	-3.740434e-09	-2.855644e-09	-2.035701e+01	-7.269896e+02
6.160000e-06	-3.791222e-09	-2.895634e-09	-2.063342e+01	-7.370476e+02
6.170000e-06	-3.841720e-09	-2.933861e-09	-2.090825e+01	-7.468125e+02
6.180000e-06	-3.891933e-09	-2.970485e-09	-2.118154e+01	-7.562822e+02
6.190000e-06	-3.941861e-09	-3.006141e-09	-2.145326e+01	-7.654554e+02
6.200000e-06	-3.991475e-09	-3.040927e-09	-2.172328e+01	-7.743317e+02
6.210000e-06	-4.040719e-09	-3.074487e-09	-2.199129e+01	-7.829122e+02
6.220000e-06	-4.089544e-09	-3.107194e-09	-2.225701e+01	-7.911997e+02
6.230000e-06	-4.137922e-09	-3.139359e-09	-2.252031e+01	-7.991985e+02
6.240000e-06	-4.185859e-09	-3.170740e-09	-2.278120e+01	-8.069150e+02
6.250000e-06	-4.233391e-09	-3.200815e-09	-2.303989e+01	-8.143572e+02
6.260000e-06	-4.280579e-09	-3.229417e-09	-2.329671e+01	-8.215343e+02
6.270000e-06	-4.327484e-09	-3.256878e-09	-2.355198e+01	-8.284574e+02
6.280000e-06	-4.374139e-09	-3.283017e-09	-2.380590e+01	-8.351379e+02
6.290000e-06	-4.420555e-09	-3.308121e-09	-2.405851e+01	-8.415880e+02
6.300000e-06	-4.466720e-09	-3.332446e-09	-2.430977e+01	-8.478200e+02
6.310000e-06	-4.512608e-09	-3.355710e-09	-2.455951e+01	-8.538457e+02
6.320000e-06	-4.558174e-09	-3.378319e-09	-2.480750e+01	-8.596764e+02
6.330000e-06	-4.603386e-09	-3.400647e-09	-2.505356e+01	-8.653222e+02
6.340000e-06	-4.648242e-09	-3.422381e-09	-2.529768e+01	-8.707921e+02
6.350000e-06	-4.692782e-09	-3.443158e-09	-2.554009e+01	-8.760938e+02
6.360000e-06	-4.737066e-09	-3.463070e-09	-2.578110e+01	-8.812336e+02
6.370000e-06	-4.781148e-09	-3.482463e-09	-2.602102e+01	-8.862168e+02
6.380000e-06	-4.825038e-09	-3.501655e-09	-2.625989e+01	-8.910475e+02
6.390000e-06	-4.868696e-09	-3.520378e-09	-2.649749e+01	-8.957294e+02
6.400000e-06	-4.912054e-09	-3.538223e-09	-2.673346e+01	-9.002654e+02
6.410000e-06	-4.955051e-09	-3.555430e-09	-2.696747e+01	-9.046586e+02
6.420000e-06	-4.997677e-09	-3.572353e-09	-2.719946e+01	-9.089122e+02
6.430000e-06	-5.039949e-09	-3.588999e-09	-2.742952e+01	-9.130298e+02
6.440000e-06	-5.081889e-09	-3.605377e-09	-2.765778e+01	-9.170155e+02
6.450000e-06	-5.123485e-09	-3.621389e-09	-2.788416e+01	-9.208743e+02
6.460000e-06	-5.164700e-09	-3.636773e-09	-2.810847e+01	-9.246116e+02
6.470000e-06	-5.205527e-09	-3.651338e-09	-2.833067e+01	-9.282336e+02
6.480000e-06	-5.246012e-09	-3.665103e-09	-2.855101e+01	-9.317467e+02
6.490000e-06	-5.286226e-09	-3.678245e-09	-2.876987e+01	-9.351579e+02
6.500000e-06	-5.326208e-09	-3.690752e-09	-2.898747e+01	-9.384737e+02
6.510000e-06	-5.365940e-09	-3.703128e-09	-2.920370e+01	-9.417008e+02
6.520000e-06	-5.405333e-09	-3.716065e-09	-2.941810e+01	-9.448453e+02
6.530000e-06	-5.444256e-09	-3.729203e-09	-2.962994e+01	-9.479126e+02
6.540000e-06	-5.482596e-09	-3.741654e-09	-2.983860e+01	-9.509075e+02
6.550000e-06	-5.520290e-09	-3.753187e-09	-3.004374e+01	-9.538342e+02
6.560000e-06	-5.557365e-09	-3.764023e-09	-3.024552e+01	-9.566958e+02
6.570000e-06	-5.593945e-09	-3.774447e-09	-3.044460e+01	-9.594951e+02
6.580000e-06	-5.630175e-09	-3.784792e-09	-3.064178e+01	-9.622343e+02
6.590000e-06	-5.666140e-09	-3.794955e-09	-3.083752e+01	-9.649152e+02
6.600000e-06	-5.701838e-09	-3.804858e-09	-3.103180e+01	-9.675393e+02
6.610000e-06	-5.737196e-09	-3.814923e-09	-3.122424e+01	-9.701084e+02
6.620000e-06	-5.772144e-09	-3.825059e-09	-3.141444e+01	-9.726240e+02
6.630000e-06	-5.806660e-09	-3.834801e-09	-3.160229e+01	-9.750878e+02
6.640000e-06	-5.840757e-09	-3.843770e-09	-3.178786e+01	-9.775019e+02
6.650000e-06	-5.874437e-09	-3.851975e-09	-3.197116e+01	-9.798683e+02
6.660000e-06	-5.907675e-09	-3.860299e-09	-3.215206e+01	-9.821891e+02
6.670000e-06	-5.940480e-09	-3.869127e-09	-3.233060e+01	-9.844665e+02
6.680000e-06	-5.972904e-09	-3.878203e-09	-3.250706e+01	-9.867023e+02
6.690000e-06	-6.005011e-09	-3.886985e-09	-3.268180e+01	-9.888981e+02
6.700000e-06	-6.036801e-09	-3.895343e-09	-3.285481e+01	-9.910554e+02
6.710000e-06	-6.068173e-09	-3.903685e-09	-3.302555e+01	-9.931747e+02
6.720000e-06	-6.098981e-09	-3.912077e-09	-3.319323e+01	-9.952564e+02
6.730000e-06	-6.129118e-09	-3.920428e-09	-3.335724e+01	-9.973003e+02
6.740000e-06	-6.158561e-09	-3.928071e-09	-3.351748e+01	-9.993058e+02
6.750000e-06	-6.187396e-09	-3.934777e-09	-3.367442e+01	-1.001272e+03
6.760000e-06	-6.215790e-09	-3.941443e-09	-3.382895e+01	-1.003198e+03
6.770000e-06	-6.243880e-09	-3.948553e-09	-3.398183e+01	-1.005083e+03
6.780000e-06	-6.271684e-09	-3.955683e-09	-3.413315e+01	-1.006926e+03
6.790000e-06	-6.299127e-09	-3.962674e-09	-3.428251e+01	-1.008727e+03
6.800000e-06	-6.326116e-09	-3.969562e-09	-3.442939e+01	-1.010485e+03
6.810000e-06	-6.352618e-09	-3.976410e-09	-3.457363e+01	-1.012202e+03
6.820000e-06	-6.378652e-09	-3.983354e-09	-3.471531e+01	-1.013878e+03
6.830000e-06	-6.404208e-09	-3.989770e-09	-3.485440e+01	-1.015516e+03
6.840000e-06	-6.429268e-09	-3.995254e-09	-3.499079e+01	-1.017116e+03
6.850000e-06	-6.453879e-09	-4.000704e-09	-3.512473e+01	-1.018681e+03
6.860000e-06	-6.478141e-09	-4.006885e-09	-3.525678e+01	-1.020214e+03
6.870000e-06	-6.502132e-09	-4.013487e-09	-3.538735e+01	-1.021715e+03
6.880000e-06	-6.525804e-09	-4.019964e-09	-3.551618e+01	-1.023187e+03
6.890000e-06	-6.549003e-09	-4.025664e-09	-3.564244e+01	-1.024630e+03
6.900000e-06	-6.571553e-09	-4.030396e-09	-3.576516e+01	-1.026046e+03
6.910000e-06	-6.593357e-09	-4.035161e-09	-3.588383e+01	-1.027434e+03
6.920000e-06	-6.614456e-09	-4.040545e-09	-3.599866e+01	-1.028793e+03
6.930000e-06	-6.635002e-09	-4.045733e-09	-3.611048e+01	-1.030123e+03
6.940000e-06	-6.655170e-09	-4.050259e-09	-3.622024e+01	-1.031423e+03
6.950000e-06	-6.675029e-09	-4.054820e-09	-3.632833e+01	-1.032691e+03
6.960000e-06	-6.694512e-09	-4.059981e-09	-3.643436e+01	-1.033925e+03
6.970000e-06	-6.713523e-09	-4.065416e-09	-3.653783e+01	-1.035125e+03
6.980000e-06	-6.732047e-09	-4.070527e-09	-3.663864e+01	-1.036290e+03
6.990000e-06	-6.750133e-09	-4.074575e-09	-3.673708e+01	-1.037420e+03
7.000000e-06	-6.767784e-09	-4.077634e-09	-3.683314e+01	-1.038515e+03
7.010000e-06	-6.784947e-09	-4.081086e-09	-3.692655e+01	-1.039575e+03
7.020000e-06	-6.801640e-09	-4.085318e-09	-3.701740e+01	-1.040603e+03
7.030000e-06	-6.817955e-09	-4.089449e-09	-3.710619e+01	-1.041599e+03
7.040000e-06	-6.833953e-09	-4.093279e-09	-3.719326e+01	-1.042565e+03
7.050000e-06	-6.849549e-09	-4.097444e-09	-3.727814e+01	-1.043503e+03
7.060000e-06	-6.864512e-09	-4.102101e-09	-3.735958e+01	-1.044414e+03
7.070000e-06	-6.878653e-09	-4.106375e-09	-3.743654e+01	-1.045298e+03
7.080000e-06	-6.891984e-09	-4.109397e-09	-3.750909e+01	-1.046156e+03
7.090000e-06	-6.904660e-09	-4.111268e-09	-3.757808e+01	-1.046988e+03
7.100000e-06	-6.916837e-09	-4.113376e-09	-3.764435e+01	-1.047793e+03
7.110000e-06	-6.928550e-09	-4.116866e-09	-3.770810e+01	-1.048571e+03
7.120000e-06	-6.939748e-09	-4.121029e-09	-3.776904e+01	-1.049318e+03
7.130000e-06	-6.950424e-09	-4.124679e-09	-3.782715e+01	-1.050035e+03
7.140000e-06	-6.960630e-09	-4.127409e-09	-3.788269e+01	-1.050719e+03
7.150000e-06	-6.970390e-09	-4.129730e-09	-3.793581e+01	-1.051369e+03
7.160000e-06	-6.979660e-09	-4.132409e-09	-3.798626e+01	-1.051985e+03
7.170000e-06	-6.988430e-09	-4.135006e-09	-3.803399e+01	-1.052567e+03
7.180000e-06	-6.996784e-09	-4.136590e-09	-3.807946e+01	-1.053115e+03
7.190000e-06	-7.004816e-09	-4.138011e-09	-3.812317e+01	-1.053630e+03
7.200000e-06	-7.012493e-09	-4.140464e-09	-3.816495e+01	-1.054114e+03
7.210000e-06	-7.019646e-09	-4.143418e-09	-3.820388e+01	-1.054570e+03
7.220000e-06	-7.026086e-09	-4.145872e-09	-3.823893e+01	-1.054999e+03
7.230000e-06	-7.031732e-09	-4.147544e-09	-3.826966e+01	-1.055404e+03
7.240000e-06	-7.036665e-09	-4.148617e-09	-3.829651e+01	-1.055786e+03
7.250000e-06	-7.041079e-09	-4.149850e-09	-3.832053e+01	-1.056147e+03
7.260000e-06	-7.045141e-09	-4.151727e-09	-3.834264e+01	-1.056487e+03
7.270000e-06	-7.048857e-09	-4.153483e-09	-3.836286e+01	-1.056807e+03
7.280000e-06	-7.052132e-09	-4.154472e-09	-3.838068e+01	-1.057106e+03
7.290000e-06	-7.054912e-09	-4.155428e-09	-3.839581e+01	-1.057382e+03
7.300000e-06	-7.057231e-09	-4.156972e-09	-3.840844e+01	-1.057633e+03
7.310000e-06	-7.059129e-09	-4.158544e-09	-3.841877e+01	-1.057857e+03
7.320000e-06	-7.060485e-09	-4.159330e-09	-3.842615e+01	-1.058053e+03
7.330000e-06	-7.061280e-09	-4.159348e-09	-3.843048e+01	-1.058218e+03
