# Temperatura_=_0.29081632653061223
# Concentracion g/m^3_=_19900.0
# C_Vs_to_Am_M_A/Vsm_=_254322799225.57578
# pendiente_HvsI_1/m_=_3716.3
# ordenada_HvsI_A/m_=_1297.0
# frecuencia_Hz_=_136276.99418306816
# Promedio de 294 ciclos

Tiempo_(s)	Campo_(V.s)	Magnetizacion_(V.s)	Campo_(kA/m)	Magnetizacion_(A/m)
0.000000e+00	-7.159473e-09	-4.303187e-09	-3.844178e+01	-1.092728e+03
1.000000e-08	-7.159632e-09	-4.303875e-09	-3.844263e+01	-1.092795e+03
2.000000e-08	-7.159450e-09	-4.304620e-09	-3.844166e+01	-1.092836e+03
3.000000e-08	-7.158799e-09	-4.305668e-09	-3.843816e+01	-1.092856e+03
4.000000e-08	-7.157481e-09	-4.306486e-09	-3.843108e+01	-1.092861e+03
5.000000e-08	-7.155372e-09	-4.306315e-09	-3.841976e+01	-1.092856e+03
6.000000e-08	-7.152527e-09	-4.305418e-09	-3.840448e+01	-1.092844e+03
7.000000e-08	-7.149130e-09	-4.303850e-09	-3.838625e+01	-1.092827e+03
8.000000e-08	-7.145300e-09	-4.301063e-09	-3.836568e+01	-1.092805e+03
9.000000e-08	-7.140942e-09	-4.301688e-09	-3.834228e+01	-1.092776e+03
1.000000e-07	-7.135863e-09	-4.313469e-09	-3.831501e+01	-1.092737e+03
1.100000e-07	-7.130124e-09	-4.320532e-09	-3.828420e+01	-1.092684e+03
1.200000e-07	-7.124046e-09	-4.296967e-09	-3.825156e+01	-1.092610e+03
1.300000e-07	-7.117755e-09	-4.279023e-09	-3.821778e+01	-1.092511e+03
1.400000e-07	-7.111019e-09	-4.310441e-09	-3.818161e+01	-1.092379e+03
1.500000e-07	-7.103694e-09	-4.334413e-09	-3.814228e+01	-1.092211e+03
1.600000e-07	-7.095955e-09	-4.295809e-09	-3.810073e+01	-1.092003e+03
1.700000e-07	-7.087885e-09	-4.263847e-09	-3.805740e+01	-1.091755e+03
1.800000e-07	-7.079262e-09	-4.302968e-09	-3.801110e+01	-1.091467e+03
1.900000e-07	-7.069900e-09	-4.332736e-09	-3.796083e+01	-1.091142e+03
2.000000e-07	-7.059894e-09	-4.290057e-09	-3.790710e+01	-1.090785e+03
2.100000e-07	-7.049391e-09	-4.261647e-09	-3.785071e+01	-1.090405e+03
2.200000e-07	-7.038298e-09	-4.300216e-09	-3.779115e+01	-1.090008e+03
2.300000e-07	-7.026534e-09	-4.311515e-09	-3.772798e+01	-1.089605e+03
2.400000e-07	-7.014214e-09	-4.265902e-09	-3.766183e+01	-1.089204e+03
2.500000e-07	-7.001373e-09	-4.264754e-09	-3.759289e+01	-1.088814e+03
2.600000e-07	-6.987926e-09	-4.306636e-09	-3.752068e+01	-1.088440e+03
2.700000e-07	-6.973861e-09	-4.290916e-09	-3.744516e+01	-1.088090e+03
2.800000e-07	-6.959147e-09	-4.254332e-09	-3.736616e+01	-1.087763e+03
2.900000e-07	-6.943665e-09	-4.276813e-09	-3.728303e+01	-1.087462e+03
3.000000e-07	-6.927464e-09	-4.288485e-09	-3.719604e+01	-1.087182e+03
3.100000e-07	-6.910756e-09	-4.254670e-09	-3.710633e+01	-1.086918e+03
3.200000e-07	-6.893652e-09	-4.265314e-09	-3.701449e+01	-1.086665e+03
3.300000e-07	-6.876147e-09	-4.302125e-09	-3.692050e+01	-1.086412e+03
3.400000e-07	-6.858227e-09	-4.272931e-09	-3.682428e+01	-1.086152e+03
3.500000e-07	-6.839841e-09	-4.240823e-09	-3.672556e+01	-1.085874e+03
3.600000e-07	-6.820926e-09	-4.273904e-09	-3.662400e+01	-1.085570e+03
3.700000e-07	-6.801523e-09	-4.282909e-09	-3.651982e+01	-1.085232e+03
3.800000e-07	-6.781741e-09	-4.241514e-09	-3.641360e+01	-1.084853e+03
3.900000e-07	-6.761601e-09	-4.250583e-09	-3.630546e+01	-1.084430e+03
4.000000e-07	-6.741033e-09	-4.286262e-09	-3.619502e+01	-1.083958e+03
4.100000e-07	-6.719979e-09	-4.260946e-09	-3.608198e+01	-1.083437e+03
4.200000e-07	-6.698431e-09	-4.237753e-09	-3.596628e+01	-1.082868e+03
4.300000e-07	-6.676412e-09	-4.262923e-09	-3.584805e+01	-1.082250e+03
4.400000e-07	-6.653949e-09	-4.255943e-09	-3.572744e+01	-1.081586e+03
4.500000e-07	-6.631023e-09	-4.228489e-09	-3.560434e+01	-1.080878e+03
4.600000e-07	-6.607649e-09	-4.247053e-09	-3.547884e+01	-1.080127e+03
4.700000e-07	-6.583929e-09	-4.254648e-09	-3.535148e+01	-1.079333e+03
4.800000e-07	-6.559886e-09	-4.222796e-09	-3.522238e+01	-1.078497e+03
4.900000e-07	-6.535389e-09	-4.222115e-09	-3.509085e+01	-1.077616e+03
5.000000e-07	-6.510281e-09	-4.237570e-09	-3.495603e+01	-1.076688e+03
5.100000e-07	-6.484442e-09	-4.217249e-09	-3.481730e+01	-1.075711e+03
5.200000e-07	-6.457845e-09	-4.205418e-09	-3.467449e+01	-1.074680e+03
5.300000e-07	-6.430626e-09	-4.217760e-09	-3.452834e+01	-1.073593e+03
5.400000e-07	-6.402983e-09	-4.208923e-09	-3.437991e+01	-1.072445e+03
5.500000e-07	-6.375014e-09	-4.194898e-09	-3.422974e+01	-1.071234e+03
5.600000e-07	-6.346690e-09	-4.200049e-09	-3.407766e+01	-1.069959e+03
5.700000e-07	-6.317950e-09	-4.193952e-09	-3.392334e+01	-1.068622e+03
5.800000e-07	-6.288770e-09	-4.179082e-09	-3.376666e+01	-1.067222e+03
5.900000e-07	-6.259181e-09	-4.178604e-09	-3.360779e+01	-1.065765e+03
6.000000e-07	-6.229201e-09	-4.175850e-09	-3.344681e+01	-1.064254e+03
6.100000e-07	-6.198784e-09	-4.166256e-09	-3.328350e+01	-1.062697e+03
6.200000e-07	-6.167901e-09	-4.164575e-09	-3.311767e+01	-1.061097e+03
6.300000e-07	-6.136608e-09	-4.159742e-09	-3.294965e+01	-1.059464e+03
6.400000e-07	-6.105002e-09	-4.149090e-09	-3.277995e+01	-1.057801e+03
6.500000e-07	-6.073116e-09	-4.145131e-09	-3.260874e+01	-1.056115e+03
6.600000e-07	-6.040877e-09	-4.140063e-09	-3.243564e+01	-1.054410e+03
6.700000e-07	-6.008128e-09	-4.129600e-09	-3.225979e+01	-1.052686e+03
6.800000e-07	-5.974714e-09	-4.124418e-09	-3.208038e+01	-1.050945e+03
6.900000e-07	-5.940594e-09	-4.119631e-09	-3.189718e+01	-1.049186e+03
7.000000e-07	-5.905835e-09	-4.110802e-09	-3.171055e+01	-1.047406e+03
7.100000e-07	-5.870573e-09	-4.105519e-09	-3.152121e+01	-1.045602e+03
7.200000e-07	-5.834959e-09	-4.099770e-09	-3.132999e+01	-1.043769e+03
7.300000e-07	-5.799079e-09	-4.088953e-09	-3.113733e+01	-1.041902e+03
7.400000e-07	-5.762923e-09	-4.081222e-09	-3.094320e+01	-1.039997e+03
7.500000e-07	-5.726416e-09	-4.076247e-09	-3.074718e+01	-1.038051e+03
7.600000e-07	-5.689487e-09	-4.067886e-09	-3.054889e+01	-1.036061e+03
7.700000e-07	-5.652118e-09	-4.059374e-09	-3.034825e+01	-1.034025e+03
7.800000e-07	-5.614328e-09	-4.052325e-09	-3.014534e+01	-1.031943e+03
7.900000e-07	-5.576120e-09	-4.044375e-09	-2.994019e+01	-1.029816e+03
8.000000e-07	-5.537477e-09	-4.036441e-09	-2.973270e+01	-1.027646e+03
8.100000e-07	-5.498420e-09	-4.028236e-09	-2.952299e+01	-1.025437e+03
8.200000e-07	-5.459014e-09	-4.018336e-09	-2.931140e+01	-1.023190e+03
8.300000e-07	-5.419342e-09	-4.008711e-09	-2.909839e+01	-1.020910e+03
8.400000e-07	-5.379435e-09	-4.000119e-09	-2.888411e+01	-1.018598e+03
8.500000e-07	-5.339225e-09	-3.991540e-09	-2.866821e+01	-1.016257e+03
8.600000e-07	-5.298579e-09	-3.982917e-09	-2.844997e+01	-1.013887e+03
8.700000e-07	-5.257412e-09	-3.973913e-09	-2.822893e+01	-1.011488e+03
8.800000e-07	-5.215727e-09	-3.964323e-09	-2.800511e+01	-1.009059e+03
8.900000e-07	-5.173523e-09	-3.955389e-09	-2.777850e+01	-1.006597e+03
9.000000e-07	-5.130796e-09	-3.946162e-09	-2.754909e+01	-1.004099e+03
9.100000e-07	-5.087598e-09	-3.935443e-09	-2.731714e+01	-1.001562e+03
9.200000e-07	-5.044011e-09	-3.924514e-09	-2.708310e+01	-9.989824e+02
9.300000e-07	-5.000123e-09	-3.914343e-09	-2.684745e+01	-9.963565e+02
9.400000e-07	-4.955975e-09	-3.904302e-09	-2.661041e+01	-9.936821e+02
9.500000e-07	-4.911534e-09	-3.894407e-09	-2.637179e+01	-9.909577e+02
9.600000e-07	-4.866748e-09	-3.884112e-09	-2.613131e+01	-9.881827e+02
9.700000e-07	-4.821597e-09	-3.872694e-09	-2.588888e+01	-9.853579e+02
9.800000e-07	-4.776097e-09	-3.860898e-09	-2.564458e+01	-9.824847e+02
9.900000e-07	-4.730273e-09	-3.849554e-09	-2.539853e+01	-9.795656e+02
1.000000e-06	-4.684137e-09	-3.838058e-09	-2.515081e+01	-9.766033e+02
1.010000e-06	-4.637687e-09	-3.825946e-09	-2.490140e+01	-9.736006e+02
1.020000e-06	-4.590920e-09	-3.813888e-09	-2.465029e+01	-9.705602e+02
1.030000e-06	-4.543835e-09	-3.802361e-09	-2.439748e+01	-9.674838e+02
1.040000e-06	-4.496443e-09	-3.790998e-09	-2.414301e+01	-9.643724e+02
1.050000e-06	-4.448780e-09	-3.779346e-09	-2.388709e+01	-9.612257e+02
1.060000e-06	-4.400869e-09	-3.767094e-09	-2.362984e+01	-9.580422e+02
1.070000e-06	-4.352687e-09	-3.754220e-09	-2.337114e+01	-9.548189e+02
1.080000e-06	-4.304170e-09	-3.741510e-09	-2.311063e+01	-9.515520e+02
1.090000e-06	-4.255245e-09	-3.729271e-09	-2.284794e+01	-9.482367e+02
1.100000e-06	-4.205858e-09	-3.716602e-09	-2.258276e+01	-9.448679e+02
1.110000e-06	-4.155982e-09	-3.703045e-09	-2.231496e+01	-9.414402e+02
1.120000e-06	-4.105628e-09	-3.689203e-09	-2.204459e+01	-9.379486e+02
1.130000e-06	-4.054842e-09	-3.675454e-09	-2.177191e+01	-9.343889e+02
1.140000e-06	-4.003681e-09	-3.661753e-09	-2.149720e+01	-9.307575e+02
1.150000e-06	-3.952201e-09	-3.647528e-09	-2.122079e+01	-9.270520e+02
1.160000e-06	-3.900439e-09	-3.632768e-09	-2.094286e+01	-9.232714e+02
1.170000e-06	-3.848407e-09	-3.618404e-09	-2.066348e+01	-9.194155e+02
1.180000e-06	-3.796100e-09	-3.604355e-09	-2.038263e+01	-9.154852e+02
1.190000e-06	-3.743493e-09	-3.589152e-09	-2.010016e+01	-9.114818e+02
1.200000e-06	-3.690575e-09	-3.572433e-09	-1.981602e+01	-9.074073e+02
1.210000e-06	-3.637364e-09	-3.555086e-09	-1.953032e+01	-9.032633e+02
1.220000e-06	-3.583886e-09	-3.538433e-09	-1.924317e+01	-8.990511e+02
1.230000e-06	-3.530164e-09	-3.522851e-09	-1.895472e+01	-8.947715e+02
1.240000e-06	-3.476211e-09	-3.507398e-09	-1.866503e+01	-8.904243e+02
1.250000e-06	-3.422037e-09	-3.490786e-09	-1.837415e+01	-8.860082e+02
1.260000e-06	-3.367639e-09	-3.473275e-09	-1.808206e+01	-8.815210e+02
1.270000e-06	-3.313006e-09	-3.455491e-09	-1.778872e+01	-8.769596e+02
1.280000e-06	-3.258131e-09	-3.436579e-09	-1.749408e+01	-8.723203e+02
1.290000e-06	-3.203025e-09	-3.416365e-09	-1.719820e+01	-8.675989e+02
1.300000e-06	-3.147715e-09	-3.396133e-09	-1.690121e+01	-8.627913e+02
1.310000e-06	-3.092220e-09	-3.376841e-09	-1.660324e+01	-8.578935e+02
1.320000e-06	-3.036563e-09	-3.358499e-09	-1.630440e+01	-8.529021e+02
1.330000e-06	-2.980767e-09	-3.340121e-09	-1.600481e+01	-8.478145e+02
1.340000e-06	-2.924838e-09	-3.320233e-09	-1.570450e+01	-8.426290e+02
1.350000e-06	-2.868770e-09	-3.298848e-09	-1.540345e+01	-8.373449e+02
1.360000e-06	-2.812553e-09	-3.277067e-09	-1.510160e+01	-8.319624e+02
1.370000e-06	-2.756168e-09	-3.255193e-09	-1.479885e+01	-8.264821e+02
1.380000e-06	-2.699581e-09	-3.232891e-09	-1.449501e+01	-8.209051e+02
1.390000e-06	-2.642759e-09	-3.210147e-09	-1.418992e+01	-8.152327e+02
1.400000e-06	-2.585689e-09	-3.187367e-09	-1.388349e+01	-8.094654e+02
1.410000e-06	-2.528350e-09	-3.164817e-09	-1.357562e+01	-8.036034e+02
1.420000e-06	-2.470733e-09	-3.142043e-09	-1.326626e+01	-7.976456e+02
1.430000e-06	-2.412832e-09	-3.118278e-09	-1.295537e+01	-7.915896e+02
1.440000e-06	-2.354638e-09	-3.093215e-09	-1.264291e+01	-7.854317e+02
1.450000e-06	-2.296156e-09	-3.067214e-09	-1.232889e+01	-7.791667e+02
1.460000e-06	-2.237399e-09	-3.041207e-09	-1.201341e+01	-7.727879e+02
1.470000e-06	-2.178396e-09	-3.015509e-09	-1.169660e+01	-7.662877e+02
1.480000e-06	-2.119182e-09	-2.989425e-09	-1.137866e+01	-7.596574e+02
1.490000e-06	-2.059793e-09	-2.962575e-09	-1.105978e+01	-7.528877e+02
1.500000e-06	-2.000265e-09	-2.934882e-09	-1.074015e+01	-7.459694e+02
1.510000e-06	-1.940632e-09	-2.906634e-09	-1.041996e+01	-7.388934e+02
1.520000e-06	-1.880916e-09	-2.878323e-09	-1.009932e+01	-7.316510e+02
1.530000e-06	-1.821129e-09	-2.849840e-09	-9.778300e+00	-7.242345e+02
1.540000e-06	-1.761278e-09	-2.820273e-09	-9.456936e+00	-7.166371e+02
1.550000e-06	-1.701360e-09	-2.789485e-09	-9.135213e+00	-7.088529e+02
1.560000e-06	-1.641367e-09	-2.758261e-09	-8.813092e+00	-7.008771e+02
1.570000e-06	-1.581298e-09	-2.726611e-09	-8.490560e+00	-6.927057e+02
1.580000e-06	-1.521148e-09	-2.693909e-09	-8.167592e+00	-6.843355e+02
1.590000e-06	-1.460912e-09	-2.659949e-09	-7.844160e+00	-6.757634e+02
1.600000e-06	-1.400577e-09	-2.625208e-09	-7.520202e+00	-6.669864e+02
1.610000e-06	-1.340143e-09	-2.589922e-09	-7.195707e+00	-6.580012e+02
1.620000e-06	-1.279617e-09	-2.553531e-09	-6.870723e+00	-6.488039e+02
1.630000e-06	-1.218998e-09	-2.515549e-09	-6.545235e+00	-6.393896e+02
1.640000e-06	-1.158285e-09	-2.476196e-09	-6.219248e+00	-6.297526e+02
1.650000e-06	-1.097503e-09	-2.436428e-09	-5.892887e+00	-6.198856e+02
1.660000e-06	-1.036662e-09	-2.396901e-09	-5.566212e+00	-6.097802e+02
1.670000e-06	-9.757639e-10	-2.357239e-09	-5.239227e+00	-5.994267e+02
1.680000e-06	-9.148109e-10	-2.316384e-09	-4.911948e+00	-5.888142e+02
1.690000e-06	-8.537980e-10	-2.273633e-09	-4.584348e+00	-5.779307e+02
1.700000e-06	-7.927208e-10	-2.229054e-09	-4.256403e+00	-5.667634e+02
1.710000e-06	-7.315797e-10	-2.183108e-09	-3.928114e+00	-5.552987e+02
1.720000e-06	-6.703772e-10	-2.136131e-09	-3.599497e+00	-5.435226e+02
1.730000e-06	-6.091128e-10	-2.088016e-09	-3.270546e+00	-5.314211e+02
1.740000e-06	-5.477921e-10	-2.038898e-09	-2.941293e+00	-5.189800e+02
1.750000e-06	-4.864219e-10	-1.988781e-09	-2.611774e+00	-5.061858e+02
1.760000e-06	-4.250104e-10	-1.937314e-09	-2.282034e+00	-4.930255e+02
1.770000e-06	-3.635661e-10	-1.884316e-09	-1.952117e+00	-4.794870e+02
1.780000e-06	-3.020956e-10	-1.829416e-09	-1.622060e+00	-4.655597e+02
1.790000e-06	-2.406108e-10	-1.772388e-09	-1.291926e+00	-4.512346e+02
1.800000e-06	-1.791250e-10	-1.713751e-09	-9.617868e-01	-4.365047e+02
1.810000e-06	-1.176409e-10	-1.653688e-09	-6.316567e-01	-4.213651e+02
1.820000e-06	-5.615593e-11	-1.592074e-09	-3.015219e-01	-4.058138e+02
1.830000e-06	5.330790e-12	-1.529228e-09	2.862235e-02	-3.898518e+02
1.840000e-06	6.681792e-11	-1.465021e-09	3.587688e-01	-3.734830e+02
1.850000e-06	1.283045e-10	-1.399210e-09	6.889123e-01	-3.567148e+02
1.860000e-06	1.897894e-10	-1.331871e-09	1.019047e+00	-3.395583e+02
1.870000e-06	2.512650e-10	-1.263113e-09	1.349132e+00	-3.220275e+02
1.880000e-06	3.127276e-10	-1.192977e-09	1.679146e+00	-3.041399e+02
1.890000e-06	3.741700e-10	-1.121285e-09	2.009053e+00	-2.859159e+02
1.900000e-06	4.355817e-10	-1.048501e-09	2.338794e+00	-2.673784e+02
1.910000e-06	4.969564e-10	-9.745267e-10	2.668337e+00	-2.485522e+02
1.920000e-06	5.582860e-10	-8.988757e-10	2.997638e+00	-2.294636e+02
1.930000e-06	6.195598e-10	-8.220713e-10	3.326639e+00	-2.101393e+02
1.940000e-06	6.807691e-10	-7.447968e-10	3.655293e+00	-1.906064e+02
1.950000e-06	7.419120e-10	-6.673329e-10	3.983591e+00	-1.708911e+02
1.960000e-06	8.029815e-10	-5.898698e-10	4.311495e+00	-1.510183e+02
1.970000e-06	8.639778e-10	-5.120274e-10	4.639006e+00	-1.310115e+02
1.980000e-06	9.249088e-10	-4.332347e-10	4.966167e+00	-1.108917e+02
1.990000e-06	9.857771e-10	-3.536735e-10	5.292990e+00	-9.067817e+01
2.000000e-06	1.046579e-09	-2.735136e-10	5.619454e+00	-7.038763e+01
2.010000e-06	1.107311e-09	-1.926096e-10	5.945548e+00	-5.003489e+01
2.020000e-06	1.167972e-09	-1.113824e-10	6.271257e+00	-2.963295e+01
2.030000e-06	1.228553e-09	-3.056402e-11	6.596538e+00	-9.193560e+00
2.040000e-06	1.289051e-09	4.972116e-11	6.921374e+00	1.127235e+01
2.050000e-06	1.349459e-09	1.294871e-10	7.245730e+00	3.175407e+01
2.060000e-06	1.409777e-09	2.089586e-10	7.569598e+00	5.224054e+01
2.070000e-06	1.470008e-09	2.887958e-10	7.893000e+00	7.271990e+01
2.080000e-06	1.530153e-09	3.696352e-10	8.215940e+00	9.317904e+01
2.090000e-06	1.590215e-09	4.512120e-10	8.538439e+00	1.136033e+02
2.100000e-06	1.650199e-09	5.324674e-10	8.860513e+00	1.339765e+02
2.110000e-06	1.710110e-09	6.128344e-10	9.182201e+00	1.542807e+02
2.120000e-06	1.769959e-09	6.923464e-10	9.503551e+00	1.744964e+02
2.130000e-06	1.829743e-09	7.710091e-10	9.824554e+00	1.946033e+02
2.140000e-06	1.889455e-09	8.491164e-10	1.014517e+01	2.145798e+02
2.150000e-06	1.949084e-09	9.269083e-10	1.046534e+01	2.344046e+02
2.160000e-06	2.008616e-09	1.004148e-09	1.078499e+01	2.540562e+02
2.170000e-06	2.068030e-09	1.080744e-09	1.110401e+01	2.735140e+02
2.180000e-06	2.127304e-09	1.156701e-09	1.142227e+01	2.927586e+02
2.190000e-06	2.186399e-09	1.231766e-09	1.173957e+01	3.117724e+02
2.200000e-06	2.245276e-09	1.305631e-09	1.205570e+01	3.305394e+02
2.210000e-06	2.303897e-09	1.378241e-09	1.237046e+01	3.490459e+02
2.220000e-06	2.362237e-09	1.449433e-09	1.268371e+01	3.672804e+02
2.230000e-06	2.420272e-09	1.519268e-09	1.299531e+01	3.852336e+02
2.240000e-06	2.477995e-09	1.588369e-09	1.330525e+01	4.028985e+02
2.250000e-06	2.535413e-09	1.656894e-09	1.361354e+01	4.202696e+02
2.260000e-06	2.592532e-09	1.724086e-09	1.392023e+01	4.373436e+02
2.270000e-06	2.649387e-09	1.789588e-09	1.422550e+01	4.541182e+02
2.280000e-06	2.706006e-09	1.853922e-09	1.452951e+01	4.705926e+02
2.290000e-06	2.762413e-09	1.917408e-09	1.483238e+01	4.867670e+02
2.300000e-06	2.818629e-09	1.979822e-09	1.513423e+01	5.026420e+02
2.310000e-06	2.874675e-09	2.041042e-09	1.543516e+01	5.182191e+02
2.320000e-06	2.930576e-09	2.100925e-09	1.573531e+01	5.334997e+02
2.330000e-06	2.986338e-09	2.159402e-09	1.603472e+01	5.484860e+02
2.340000e-06	3.041957e-09	2.216940e-09	1.633336e+01	5.631797e+02
2.350000e-06	3.097417e-09	2.273590e-09	1.663114e+01	5.775830e+02
2.360000e-06	3.152695e-09	2.329042e-09	1.692795e+01	5.916975e+02
2.370000e-06	3.207764e-09	2.383225e-09	1.722364e+01	6.055251e+02
2.380000e-06	3.262607e-09	2.436275e-09	1.751811e+01	6.190668e+02
2.390000e-06	3.317221e-09	2.488162e-09	1.781135e+01	6.323237e+02
2.400000e-06	3.371603e-09	2.538820e-09	1.810335e+01	6.452959e+02
2.410000e-06	3.425763e-09	2.588471e-09	1.839416e+01	6.579834e+02
2.420000e-06	3.479711e-09	2.637032e-09	1.868382e+01	6.703850e+02
2.430000e-06	3.533432e-09	2.684329e-09	1.897226e+01	6.824991e+02
2.440000e-06	3.586906e-09	2.730684e-09	1.925939e+01	6.943235e+02
2.450000e-06	3.640109e-09	2.776271e-09	1.954505e+01	7.058552e+02
2.460000e-06	3.693014e-09	2.820760e-09	1.982912e+01	7.170911e+02
2.470000e-06	3.745614e-09	2.863943e-09	2.011155e+01	7.280277e+02
2.480000e-06	3.797922e-09	2.905600e-09	2.039241e+01	7.386616e+02
2.490000e-06	3.849948e-09	2.945602e-09	2.067176e+01	7.489900e+02
2.500000e-06	3.901692e-09	2.984220e-09	2.094959e+01	7.590106e+02
2.510000e-06	3.953127e-09	3.022061e-09	2.122576e+01	7.687224e+02
2.520000e-06	4.004208e-09	3.059267e-09	2.150003e+01	7.781257e+02
2.530000e-06	4.054877e-09	3.095308e-09	2.177209e+01	7.872224e+02
2.540000e-06	4.105087e-09	3.130047e-09	2.204169e+01	7.960164e+02
2.550000e-06	4.154824e-09	3.163559e-09	2.230874e+01	8.045133e+02
2.560000e-06	4.204089e-09	3.195642e-09	2.257326e+01	8.127206e+02
2.570000e-06	4.252911e-09	3.226303e-09	2.283540e+01	8.206477e+02
2.580000e-06	4.301355e-09	3.255938e-09	2.309552e+01	8.283053e+02
2.590000e-06	4.349500e-09	3.284798e-09	2.335402e+01	8.357054e+02
2.600000e-06	4.397399e-09	3.312917e-09	2.361121e+01	8.428607e+02
2.610000e-06	4.445069e-09	3.340239e-09	2.386717e+01	8.497845e+02
2.620000e-06	4.492487e-09	3.366739e-09	2.412177e+01	8.564899e+02
2.630000e-06	4.539601e-09	3.392172e-09	2.437474e+01	8.629893e+02
2.640000e-06	4.586376e-09	3.416602e-09	2.462589e+01	8.692947e+02
2.650000e-06	4.632808e-09	3.440557e-09	2.487521e+01	8.754166e+02
2.660000e-06	4.678912e-09	3.463915e-09	2.512275e+01	8.813644e+02
2.670000e-06	4.724704e-09	3.486319e-09	2.536863e+01	8.871459e+02
2.680000e-06	4.770187e-09	3.508151e-09	2.561284e+01	8.927677e+02
2.690000e-06	4.815346e-09	3.529922e-09	2.585532e+01	8.982347e+02
2.700000e-06	4.860167e-09	3.551530e-09	2.609598e+01	9.035511e+02
2.710000e-06	4.904661e-09	3.572548e-09	2.633488e+01	9.087197e+02
2.720000e-06	4.948867e-09	3.592540e-09	2.657224e+01	9.137430e+02
2.730000e-06	4.992838e-09	3.611584e-09	2.680834e+01	9.186229e+02
2.740000e-06	5.036599e-09	3.629963e-09	2.704331e+01	9.233612e+02
2.750000e-06	5.080113e-09	3.647717e-09	2.727695e+01	9.279600e+02
2.760000e-06	5.123268e-09	3.664428e-09	2.750866e+01	9.324215e+02
2.770000e-06	5.165930e-09	3.680380e-09	2.773773e+01	9.367486e+02
2.780000e-06	5.207989e-09	3.696502e-09	2.796356e+01	9.409446e+02
2.790000e-06	5.249400e-09	3.712755e-09	2.818591e+01	9.450135e+02
2.800000e-06	5.290232e-09	3.728603e-09	2.840515e+01	9.489596e+02
2.810000e-06	5.330614e-09	3.743781e-09	2.862198e+01	9.527879e+02
2.820000e-06	5.370672e-09	3.758303e-09	2.883706e+01	9.565038e+02
2.830000e-06	5.410485e-09	3.772352e-09	2.905083e+01	9.601130e+02
2.840000e-06	5.450056e-09	3.786132e-09	2.926330e+01	9.636211e+02
2.850000e-06	5.489323e-09	3.799591e-09	2.947414e+01	9.670340e+02
2.860000e-06	5.528209e-09	3.812574e-09	2.968294e+01	9.703575e+02
2.870000e-06	5.566672e-09	3.825397e-09	2.988946e+01	9.735972e+02
2.880000e-06	5.604715e-09	3.838422e-09	3.009372e+01	9.767586e+02
2.890000e-06	5.642349e-09	3.851046e-09	3.029579e+01	9.798467e+02
2.900000e-06	5.679570e-09	3.862908e-09	3.049565e+01	9.828664e+02
2.910000e-06	5.716379e-09	3.874264e-09	3.069328e+01	9.858223e+02
2.920000e-06	5.752802e-09	3.885155e-09	3.088886e+01	9.887185e+02
2.930000e-06	5.788915e-09	3.896051e-09	3.108276e+01	9.915588e+02
2.940000e-06	5.824782e-09	3.907574e-09	3.127534e+01	9.943465e+02
2.950000e-06	5.860393e-09	3.919216e-09	3.146655e+01	9.970844e+02
2.960000e-06	5.895659e-09	3.929989e-09	3.165591e+01	9.997750e+02
2.970000e-06	5.930426e-09	3.939954e-09	3.184259e+01	1.002420e+03
2.980000e-06	5.964544e-09	3.949832e-09	3.202578e+01	1.005021e+03
2.990000e-06	5.997949e-09	3.959960e-09	3.220514e+01	1.007579e+03
3.000000e-06	6.030708e-09	3.970136e-09	3.238103e+01	1.010094e+03
3.010000e-06	6.062979e-09	3.980094e-09	3.255431e+01	1.012566e+03
3.020000e-06	6.094907e-09	3.989913e-09	3.272574e+01	1.014996e+03
3.030000e-06	6.126545e-09	3.999820e-09	3.289562e+01	1.017382e+03
3.040000e-06	6.157841e-09	4.009493e-09	3.306366e+01	1.019724e+03
3.050000e-06	6.188710e-09	4.018223e-09	3.322940e+01	1.022021e+03
3.060000e-06	6.219119e-09	4.026177e-09	3.339268e+01	1.024274e+03
3.070000e-06	6.249087e-09	4.034089e-09	3.355359e+01	1.026482e+03
3.080000e-06	6.278628e-09	4.042414e-09	3.371220e+01	1.028646e+03
3.090000e-06	6.307742e-09	4.051273e-09	3.386853e+01	1.030765e+03
3.100000e-06	6.336432e-09	4.060234e-09	3.402258e+01	1.032842e+03
3.110000e-06	6.364747e-09	4.068481e-09	3.417461e+01	1.034876e+03
3.120000e-06	6.392760e-09	4.076149e-09	3.432502e+01	1.036869e+03
3.130000e-06	6.420501e-09	4.084004e-09	3.447397e+01	1.038823e+03
3.140000e-06	6.447885e-09	4.091725e-09	3.462101e+01	1.040739e+03
3.150000e-06	6.474724e-09	4.098689e-09	3.476512e+01	1.042618e+03
3.160000e-06	6.500833e-09	4.105351e-09	3.490530e+01	1.044461e+03
3.170000e-06	6.526147e-09	4.112386e-09	3.504122e+01	1.046270e+03
3.180000e-06	6.550774e-09	4.119832e-09	3.517346e+01	1.048043e+03
3.190000e-06	6.574901e-09	4.127099e-09	3.530300e+01	1.049781e+03
3.200000e-06	6.598650e-09	4.133570e-09	3.543051e+01	1.051484e+03
3.210000e-06	6.622009e-09	4.139553e-09	3.555594e+01	1.053150e+03
3.220000e-06	6.644912e-09	4.145859e-09	3.567892e+01	1.054780e+03
3.230000e-06	6.667345e-09	4.152469e-09	3.579937e+01	1.056372e+03
3.240000e-06	6.689333e-09	4.158702e-09	3.591742e+01	1.057926e+03
3.250000e-06	6.710875e-09	4.164300e-09	3.603309e+01	1.059441e+03
3.260000e-06	6.731940e-09	4.169538e-09	3.614620e+01	1.060918e+03
3.270000e-06	6.752530e-09	4.175036e-09	3.625675e+01	1.062357e+03
3.280000e-06	6.772722e-09	4.180727e-09	3.636517e+01	1.063760e+03
3.290000e-06	6.792599e-09	4.186131e-09	3.647190e+01	1.065127e+03
3.300000e-06	6.812152e-09	4.191295e-09	3.657689e+01	1.066462e+03
3.310000e-06	6.831271e-09	4.196673e-09	3.667955e+01	1.067765e+03
3.320000e-06	6.849838e-09	4.202476e-09	3.677924e+01	1.069038e+03
3.330000e-06	6.867812e-09	4.208162e-09	3.687574e+01	1.070284e+03
3.340000e-06	6.885256e-09	4.212991e-09	3.696941e+01	1.071502e+03
3.350000e-06	6.902273e-09	4.216866e-09	3.706078e+01	1.072695e+03
3.360000e-06	6.918890e-09	4.220558e-09	3.715000e+01	1.073860e+03
3.370000e-06	6.935023e-09	4.224867e-09	3.723663e+01	1.074999e+03
3.380000e-06	6.950550e-09	4.229472e-09	3.731999e+01	1.076108e+03
3.390000e-06	6.965422e-09	4.233684e-09	3.739985e+01	1.077186e+03
3.400000e-06	6.979706e-09	4.237653e-09	3.747655e+01	1.078231e+03
3.410000e-06	6.993476e-09	4.241715e-09	3.755048e+01	1.079241e+03
3.420000e-06	7.006737e-09	4.245961e-09	3.762169e+01	1.080212e+03
3.430000e-06	7.019470e-09	4.250141e-09	3.769005e+01	1.081143e+03
3.440000e-06	7.031708e-09	4.253674e-09	3.775576e+01	1.082034e+03
3.450000e-06	7.043487e-09	4.256455e-09	3.781901e+01	1.082882e+03
3.460000e-06	7.054736e-09	4.259081e-09	3.787941e+01	1.083690e+03
3.470000e-06	7.065288e-09	4.261834e-09	3.793607e+01	1.084457e+03
3.480000e-06	7.075022e-09	4.264734e-09	3.798833e+01	1.085187e+03
3.490000e-06	7.083978e-09	4.267723e-09	3.803642e+01	1.085881e+03
3.500000e-06	7.092340e-09	4.270607e-09	3.808132e+01	1.086544e+03
3.510000e-06	7.100301e-09	4.273426e-09	3.812406e+01	1.087176e+03
3.520000e-06	7.107916e-09	4.276126e-09	3.816495e+01	1.087782e+03
3.530000e-06	7.115107e-09	4.278444e-09	3.820356e+01	1.088363e+03
3.540000e-06	7.121785e-09	4.280105e-09	3.823942e+01	1.088920e+03
3.550000e-06	7.127943e-09	4.281057e-09	3.827248e+01	1.089453e+03
3.560000e-06	7.133591e-09	4.281882e-09	3.830281e+01	1.089962e+03
3.570000e-06	7.138718e-09	4.283336e-09	3.833034e+01	1.090444e+03
3.580000e-06	7.143336e-09	4.285399e-09	3.835513e+01	1.090896e+03
3.590000e-06	7.147538e-09	4.287374e-09	3.837769e+01	1.091316e+03
3.600000e-06	7.151417e-09	4.288844e-09	3.839852e+01	1.091699e+03
3.610000e-06	7.154944e-09	4.289992e-09	3.841746e+01	1.092044e+03
3.620000e-06	7.157960e-09	4.291019e-09	3.843365e+01	1.092346e+03
3.630000e-06	7.160276e-09	4.291641e-09	3.844609e+01	1.092605e+03
3.640000e-06	7.161802e-09	4.291710e-09	3.845429e+01	1.092820e+03
3.650000e-06	7.162602e-09	4.291743e-09	3.845858e+01	1.092992e+03
3.660000e-06	7.162861e-09	4.291920e-09	3.845997e+01	1.093125e+03
3.670000e-06	7.162739e-09	4.292248e-09	3.845932e+01	1.093221e+03
3.680000e-06	7.162245e-09	4.293104e-09	3.845666e+01	1.093285e+03
3.690000e-06	7.161294e-09	4.293811e-09	3.845156e+01	1.093324e+03
3.700000e-06	7.159836e-09	4.293600e-09	3.844373e+01	1.093343e+03
3.710000e-06	7.157911e-09	4.293087e-09	3.843339e+01	1.093347e+03
3.720000e-06	7.155551e-09	4.292688e-09	3.842072e+01	1.093342e+03
3.730000e-06	7.152729e-09	4.292964e-09	3.840557e+01	1.093329e+03
3.740000e-06	7.149421e-09	4.295968e-09	3.838781e+01	1.093312e+03
3.750000e-06	7.145627e-09	4.298868e-09	3.836743e+01	1.093289e+03
3.760000e-06	7.141186e-09	4.286476e-09	3.834359e+01	1.093260e+03
3.770000e-06	7.135807e-09	4.268160e-09	3.831471e+01	1.093220e+03
3.780000e-06	7.129625e-09	4.290238e-09	3.828151e+01	1.093166e+03
3.790000e-06	7.123207e-09	4.321902e-09	3.824705e+01	1.093090e+03
3.800000e-06	7.116691e-09	4.291764e-09	3.821207e+01	1.092988e+03
3.810000e-06	7.109661e-09	4.254222e-09	3.817432e+01	1.092853e+03
3.820000e-06	7.101930e-09	4.287889e-09	3.813281e+01	1.092682e+03
3.830000e-06	7.093759e-09	4.329762e-09	3.808894e+01	1.092471e+03
3.840000e-06	7.085301e-09	4.292576e-09	3.804352e+01	1.092220e+03
3.850000e-06	7.076330e-09	4.246178e-09	3.799535e+01	1.091928e+03
3.860000e-06	7.066703e-09	4.284422e-09	3.794366e+01	1.091600e+03
3.870000e-06	7.056616e-09	4.331327e-09	3.788950e+01	1.091242e+03
3.880000e-06	7.046182e-09	4.292053e-09	3.783348e+01	1.090860e+03
3.890000e-06	7.035212e-09	4.246611e-09	3.777458e+01	1.090462e+03
3.900000e-06	7.023612e-09	4.284094e-09	3.771229e+01	1.090059e+03
3.910000e-06	7.011476e-09	4.315469e-09	3.764713e+01	1.089659e+03
3.920000e-06	6.998697e-09	4.273969e-09	3.757851e+01	1.089270e+03
3.930000e-06	6.985029e-09	4.256572e-09	3.750513e+01	1.088898e+03
3.940000e-06	6.970548e-09	4.295887e-09	3.742737e+01	1.088549e+03
3.950000e-06	6.955539e-09	4.287781e-09	3.734678e+01	1.088225e+03
3.960000e-06	6.940058e-09	4.240365e-09	3.726366e+01	1.087926e+03
3.970000e-06	6.924103e-09	4.263786e-09	3.717799e+01	1.087647e+03
3.980000e-06	6.907780e-09	4.309319e-09	3.709035e+01	1.087385e+03
3.990000e-06	6.891047e-09	4.279309e-09	3.700050e+01	1.087132e+03
4.000000e-06	6.873757e-09	4.255636e-09	3.690767e+01	1.086879e+03
4.010000e-06	6.855938e-09	4.290755e-09	3.681199e+01	1.086618e+03
4.020000e-06	6.837683e-09	4.281623e-09	3.671397e+01	1.086338e+03
4.030000e-06	6.818935e-09	4.233816e-09	3.661330e+01	1.086032e+03
4.040000e-06	6.799668e-09	4.258133e-09	3.650985e+01	1.085691e+03
4.050000e-06	6.779997e-09	4.300879e-09	3.640423e+01	1.085308e+03
4.060000e-06	6.759988e-09	4.270448e-09	3.629680e+01	1.084881e+03
4.070000e-06	6.739604e-09	4.254740e-09	3.618735e+01	1.084405e+03
4.080000e-06	6.718790e-09	4.290838e-09	3.607559e+01	1.083880e+03
4.090000e-06	6.697390e-09	4.272416e-09	3.596069e+01	1.083307e+03
4.100000e-06	6.675201e-09	4.227312e-09	3.584155e+01	1.082685e+03
4.110000e-06	6.652227e-09	4.250105e-09	3.571819e+01	1.082018e+03
4.120000e-06	6.628683e-09	4.262486e-09	3.559178e+01	1.081306e+03
4.130000e-06	6.604752e-09	4.224688e-09	3.546328e+01	1.080552e+03
4.140000e-06	6.580498e-09	4.237978e-09	3.533305e+01	1.079755e+03
4.150000e-06	6.555882e-09	4.272032e-09	3.520088e+01	1.078915e+03
4.160000e-06	6.530801e-09	4.242612e-09	3.506621e+01	1.078030e+03
4.170000e-06	6.505215e-09	4.229165e-09	3.492883e+01	1.077099e+03
4.180000e-06	6.479170e-09	4.258746e-09	3.478899e+01	1.076118e+03
4.190000e-06	6.452655e-09	4.243944e-09	3.464662e+01	1.075083e+03
4.200000e-06	6.425618e-09	4.219087e-09	3.450145e+01	1.073990e+03
4.210000e-06	6.398102e-09	4.236240e-09	3.435370e+01	1.072837e+03
4.220000e-06	6.370226e-09	4.231193e-09	3.420403e+01	1.071621e+03
4.230000e-06	6.342069e-09	4.206468e-09	3.405284e+01	1.070341e+03
4.240000e-06	6.313601e-09	4.213195e-09	3.389999e+01	1.068998e+03
4.250000e-06	6.284684e-09	4.213859e-09	3.374472e+01	1.067594e+03
4.260000e-06	6.255141e-09	4.194745e-09	3.358610e+01	1.066132e+03
4.270000e-06	6.224868e-09	4.192428e-09	3.342355e+01	1.064618e+03
4.280000e-06	6.193906e-09	4.190671e-09	3.325730e+01	1.063056e+03
4.290000e-06	6.162392e-09	4.178589e-09	3.308809e+01	1.061454e+03
4.300000e-06	6.130474e-09	4.176783e-09	3.291671e+01	1.059818e+03
4.310000e-06	6.098217e-09	4.171492e-09	3.274351e+01	1.058154e+03
4.320000e-06	6.065598e-09	4.158720e-09	3.256837e+01	1.056466e+03
4.330000e-06	6.032566e-09	4.156242e-09	3.239101e+01	1.054759e+03
4.340000e-06	5.999092e-09	4.150739e-09	3.221128e+01	1.053034e+03
4.350000e-06	5.965197e-09	4.137965e-09	3.202928e+01	1.051292e+03
4.360000e-06	5.930913e-09	4.134274e-09	3.184520e+01	1.049531e+03
4.370000e-06	5.896215e-09	4.128515e-09	3.165889e+01	1.047750e+03
4.380000e-06	5.861077e-09	4.116195e-09	3.147022e+01	1.045943e+03
4.390000e-06	5.825556e-09	4.112367e-09	3.127950e+01	1.044107e+03
4.400000e-06	5.789743e-09	4.107864e-09	3.108721e+01	1.042237e+03
4.410000e-06	5.753683e-09	4.094523e-09	3.089359e+01	1.040330e+03
4.420000e-06	5.717347e-09	4.086475e-09	3.069849e+01	1.038380e+03
4.430000e-06	5.680614e-09	4.082054e-09	3.050125e+01	1.036386e+03
4.440000e-06	5.643323e-09	4.072291e-09	3.030102e+01	1.034346e+03
4.450000e-06	5.605360e-09	4.062779e-09	3.009719e+01	1.032260e+03
4.460000e-06	5.566717e-09	4.055182e-09	2.988970e+01	1.030130e+03
4.470000e-06	5.527493e-09	4.045961e-09	2.967909e+01	1.027957e+03
4.480000e-06	5.487837e-09	4.037378e-09	2.946617e+01	1.025744e+03
4.490000e-06	5.447867e-09	4.029292e-09	2.925155e+01	1.023495e+03
4.500000e-06	5.407622e-09	4.020009e-09	2.903546e+01	1.021212e+03
4.510000e-06	5.367063e-09	4.010590e-09	2.881768e+01	1.018898e+03
4.520000e-06	5.326136e-09	4.001061e-09	2.859793e+01	1.016554e+03
4.530000e-06	5.284824e-09	3.991824e-09	2.837612e+01	1.014182e+03
4.540000e-06	5.243146e-09	3.983217e-09	2.815233e+01	1.011781e+03
4.550000e-06	5.201119e-09	3.973084e-09	2.792667e+01	1.009349e+03
4.560000e-06	5.158741e-09	3.961803e-09	2.769913e+01	1.006884e+03
4.570000e-06	5.116010e-09	3.951932e-09	2.746969e+01	1.004384e+03
4.580000e-06	5.072928e-09	3.942508e-09	2.723837e+01	1.001843e+03
4.590000e-06	5.029494e-09	3.932049e-09	2.700516e+01	9.992597e+02
4.600000e-06	4.985746e-09	3.921511e-09	2.677026e+01	9.966299e+02
4.610000e-06	4.941740e-09	3.911068e-09	2.653397e+01	9.939515e+02
4.620000e-06	4.897496e-09	3.899801e-09	2.629641e+01	9.912230e+02
4.630000e-06	4.852982e-09	3.888545e-09	2.605739e+01	9.884440e+02
4.640000e-06	4.808126e-09	3.877518e-09	2.581655e+01	9.856151e+02
4.650000e-06	4.762876e-09	3.865728e-09	2.557358e+01	9.827381e+02
4.660000e-06	4.717228e-09	3.853589e-09	2.532848e+01	9.798154e+02
4.670000e-06	4.671215e-09	3.842400e-09	2.508142e+01	9.768497e+02
4.680000e-06	4.624882e-09	3.831727e-09	2.483265e+01	9.738439e+02
4.690000e-06	4.578264e-09	3.820206e-09	2.458234e+01	9.708005e+02
4.700000e-06	4.531366e-09	3.807385e-09	2.433053e+01	9.677213e+02
4.710000e-06	4.484188e-09	3.794102e-09	2.407721e+01	9.646071e+02
4.720000e-06	4.436698e-09	3.781316e-09	2.382222e+01	9.614575e+02
4.730000e-06	4.388841e-09	3.769076e-09	2.356526e+01	9.582708e+02
4.740000e-06	4.340576e-09	3.756497e-09	2.330611e+01	9.550442e+02
4.750000e-06	4.291891e-09	3.743373e-09	2.304470e+01	9.517735e+02
4.760000e-06	4.242807e-09	3.729992e-09	2.278115e+01	9.484541e+02
4.770000e-06	4.193355e-09	3.716344e-09	2.251563e+01	9.450806e+02
4.780000e-06	4.143570e-09	3.702318e-09	2.224831e+01	9.416479e+02
4.790000e-06	4.093483e-09	3.687817e-09	2.197938e+01	9.381509e+02
4.800000e-06	4.043102e-09	3.672991e-09	2.170887e+01	9.345854e+02
4.810000e-06	3.992424e-09	3.658267e-09	2.143675e+01	9.309480e+02
4.820000e-06	3.941446e-09	3.643692e-09	2.116304e+01	9.272365e+02
4.830000e-06	3.890174e-09	3.628815e-09	2.088774e+01	9.234497e+02
4.840000e-06	3.838615e-09	3.613447e-09	2.061090e+01	9.195876e+02
4.850000e-06	3.786785e-09	3.597588e-09	2.033261e+01	9.156513e+02
4.860000e-06	3.734690e-09	3.581412e-09	2.005289e+01	9.116420e+02
4.870000e-06	3.682314e-09	3.565279e-09	1.977166e+01	9.075617e+02
4.880000e-06	3.629628e-09	3.549062e-09	1.948877e+01	9.034121e+02
4.890000e-06	3.576597e-09	3.532541e-09	1.920403e+01	8.991944e+02
4.900000e-06	3.523192e-09	3.515849e-09	1.891729e+01	8.949093e+02
4.910000e-06	3.469388e-09	3.498657e-09	1.862839e+01	8.905565e+02
4.920000e-06	3.415176e-09	3.480859e-09	1.833731e+01	8.861346e+02
4.930000e-06	3.360570e-09	3.462691e-09	1.804411e+01	8.816414e+02
4.940000e-06	3.305601e-09	3.444104e-09	1.774896e+01	8.770738e+02
4.950000e-06	3.250320e-09	3.425260e-09	1.745214e+01	8.724278e+02
4.960000e-06	3.194784e-09	3.406716e-09	1.715395e+01	8.676995e+02
4.970000e-06	3.139042e-09	3.388247e-09	1.685465e+01	8.628846e+02
4.980000e-06	3.083129e-09	3.368939e-09	1.655443e+01	8.579791e+02
4.990000e-06	3.027057e-09	3.348662e-09	1.625336e+01	8.529798e+02
5.000000e-06	2.970827e-09	3.328190e-09	1.595144e+01	8.478842e+02
5.010000e-06	2.914434e-09	3.307998e-09	1.564865e+01	8.426906e+02
5.020000e-06	2.857872e-09	3.287758e-09	1.534494e+01	8.373984e+02
5.030000e-06	2.801134e-09	3.266884e-09	1.504029e+01	8.320077e+02
5.040000e-06	2.744214e-09	3.245381e-09	1.473467e+01	8.265194e+02
5.050000e-06	2.687112e-09	3.223640e-09	1.442807e+01	8.209345e+02
5.060000e-06	2.629822e-09	3.201701e-09	1.412046e+01	8.152542e+02
5.070000e-06	2.572348e-09	3.179128e-09	1.381186e+01	8.094791e+02
5.080000e-06	2.514697e-09	3.156012e-09	1.350231e+01	8.036093e+02
5.090000e-06	2.456865e-09	3.132778e-09	1.319179e+01	7.976434e+02
5.100000e-06	2.398851e-09	3.109526e-09	1.288029e+01	7.915792e+02
5.110000e-06	2.340661e-09	3.085621e-09	1.256785e+01	7.854126e+02
5.120000e-06	2.282298e-09	3.060654e-09	1.225448e+01	7.791385e+02
5.130000e-06	2.223763e-09	3.035105e-09	1.194018e+01	7.727499e+02
5.140000e-06	2.165052e-09	3.009590e-09	1.162494e+01	7.662392e+02
5.150000e-06	2.106167e-09	2.983982e-09	1.130877e+01	7.595976e+02
5.160000e-06	2.047116e-09	2.957745e-09	1.099170e+01	7.528160e+02
5.170000e-06	1.987912e-09	2.930850e-09	1.067382e+01	7.458849e+02
5.180000e-06	1.928583e-09	2.902930e-09	1.035526e+01	7.387953e+02
5.190000e-06	1.869146e-09	2.874073e-09	1.003612e+01	7.315387e+02
5.200000e-06	1.809604e-09	2.844948e-09	9.716414e+00	7.241074e+02
5.210000e-06	1.749963e-09	2.815404e-09	9.396181e+00	7.164945e+02
5.220000e-06	1.690224e-09	2.784716e-09	9.075420e+00	7.086945e+02
5.230000e-06	1.630396e-09	2.753040e-09	8.754182e+00	7.007025e+02
5.240000e-06	1.570494e-09	2.720536e-09	8.432546e+00	6.925148e+02
5.250000e-06	1.510523e-09	2.687502e-09	8.110536e+00	6.841278e+02
5.260000e-06	1.450483e-09	2.654395e-09	7.788159e+00	6.755387e+02
5.270000e-06	1.390376e-09	2.620283e-09	7.465421e+00	6.667445e+02
5.280000e-06	1.330202e-09	2.584692e-09	7.142327e+00	6.577418e+02
5.290000e-06	1.269960e-09	2.548202e-09	6.818862e+00	6.485266e+02
5.300000e-06	1.209653e-09	2.510970e-09	6.495053e+00	6.390940e+02
5.310000e-06	1.149288e-09	2.473060e-09	6.170931e+00	6.294381e+02
5.320000e-06	1.088866e-09	2.434426e-09	5.846503e+00	6.195515e+02
5.330000e-06	1.028389e-09	2.394682e-09	5.521780e+00	6.094258e+02
5.340000e-06	9.678585e-10	2.354064e-09	5.196770e+00	5.990511e+02
5.350000e-06	9.072758e-10	2.313251e-09	4.871480e+00	5.884165e+02
5.360000e-06	8.466293e-10	2.271634e-09	4.545847e+00	5.775098e+02
5.370000e-06	7.859195e-10	2.228008e-09	4.219874e+00	5.663181e+02
5.380000e-06	7.251534e-10	2.182434e-09	3.893600e+00	5.548279e+02
5.390000e-06	6.643166e-10	2.135482e-09	3.566945e+00	5.430251e+02
5.400000e-06	6.034136e-10	2.087458e-09	3.239936e+00	5.308956e+02
5.410000e-06	5.424537e-10	2.038649e-09	2.912621e+00	5.184255e+02
5.420000e-06	4.814368e-10	1.988947e-09	2.585000e+00	5.056010e+02
5.430000e-06	4.203726e-10	1.937778e-09	2.257125e+00	4.924093e+02
5.440000e-06	3.592633e-10	1.885096e-09	1.929009e+00	4.788386e+02
5.450000e-06	2.981221e-10	1.830964e-09	1.600720e+00	4.648782e+02
5.460000e-06	2.369754e-10	1.775034e-09	1.272403e+00	4.505194e+02
5.470000e-06	1.758295e-10	1.717226e-09	9.440899e-01	4.357551e+02
5.480000e-06	1.146874e-10	1.657758e-09	6.157967e-01	4.205809e+02
5.490000e-06	5.355714e-11	1.596528e-09	2.875672e-01	4.049951e+02
5.500000e-06	-7.568819e-12	1.533509e-09	-4.063914e-02	3.889986e+02
5.510000e-06	-6.870081e-11	1.469169e-09	-3.688778e-01	3.725959e+02
5.520000e-06	-1.298426e-10	1.403472e-09	-6.971691e-01	3.557947e+02
5.530000e-06	-1.909878e-10	1.336188e-09	-1.025478e+00	3.386061e+02
5.540000e-06	-2.521211e-10	1.267401e-09	-1.353724e+00	3.210446e+02
5.550000e-06	-3.132371e-10	1.197105e-09	-1.681877e+00	3.031279e+02
5.560000e-06	-3.743320e-10	1.125298e-09	-2.009916e+00	2.848767e+02
5.570000e-06	-4.353979e-10	1.052264e-09	-2.337800e+00	2.663141e+02
5.580000e-06	-4.964239e-10	9.782251e-10	-2.665469e+00	2.474649e+02
5.590000e-06	-5.573955e-10	9.030591e-10	-2.992847e+00	2.283555e+02
5.600000e-06	-6.182991e-10	8.271305e-10	-3.319860e+00	2.090127e+02
5.610000e-06	-6.791248e-10	7.510694e-10	-3.646454e+00	1.894636e+02
5.620000e-06	-7.398777e-10	6.747387e-10	-3.972658e+00	1.697342e+02
5.630000e-06	-8.005642e-10	5.972746e-10	-4.298505e+00	1.498493e+02
5.640000e-06	-8.611899e-10	5.184254e-10	-4.624026e+00	1.298323e+02
5.650000e-06	-9.217610e-10	4.385218e-10	-4.949254e+00	1.097040e+02
5.660000e-06	-9.822791e-10	3.579542e-10	-5.274198e+00	8.948343e+01
5.670000e-06	-1.042743e-09	2.773306e-10	-5.598853e+00	6.918717e+01
5.680000e-06	-1.103152e-09	1.967570e-10	-5.923209e+00	4.882984e+01
5.690000e-06	-1.163502e-09	1.161916e-10	-6.247250e+00	2.842433e+01
5.700000e-06	-1.223789e-09	3.611908e-11	-6.570955e+00	7.982288e+00
5.710000e-06	-1.284014e-09	-4.318094e-11	-6.894326e+00	-1.248539e+01
5.720000e-06	-1.344178e-09	-1.225928e-10	-7.217365e+00	-3.296798e+01
5.730000e-06	-1.404275e-09	-2.030617e-10	-7.540052e+00	-5.345439e+01
5.740000e-06	-1.464308e-09	-2.844674e-10	-7.862388e+00	-7.393265e+01
5.750000e-06	-1.524272e-09	-3.660122e-10	-8.184358e+00	-9.438953e+01
5.760000e-06	-1.584159e-09	-4.466650e-10	-8.505916e+00	-1.148103e+02
5.770000e-06	-1.643969e-09	-5.261377e-10	-8.827057e+00	-1.351785e+02
5.780000e-06	-1.703694e-09	-6.051469e-10	-9.147745e+00	-1.554761e+02
5.790000e-06	-1.763327e-09	-6.841312e-10	-9.467934e+00	-1.756836e+02
5.800000e-06	-1.822857e-09	-7.629460e-10	-9.787574e+00	-1.957804e+02
5.810000e-06	-1.882276e-09	-8.415410e-10	-1.010661e+01	-2.157452e+02
5.820000e-06	-1.941563e-09	-9.198721e-10	-1.042495e+01	-2.355563e+02
5.830000e-06	-2.000704e-09	-9.980433e-10	-1.074250e+01	-2.551925e+02
5.840000e-06	-2.059698e-09	-1.075632e-09	-1.105926e+01	-2.746333e+02
5.850000e-06	-2.118533e-09	-1.151712e-09	-1.137517e+01	-2.938593e+02
5.860000e-06	-2.177201e-09	-1.225878e-09	-1.169017e+01	-3.128530e+02
5.870000e-06	-2.235696e-09	-1.298801e-09	-1.200426e+01	-3.315987e+02
5.880000e-06	-2.294016e-09	-1.371223e-09	-1.231740e+01	-3.500829e+02
5.890000e-06	-2.352159e-09	-1.443091e-09	-1.262959e+01	-3.682942e+02
5.900000e-06	-2.410123e-09	-1.514247e-09	-1.294082e+01	-3.862236e+02
5.910000e-06	-2.467908e-09	-1.584392e-09	-1.325108e+01	-4.038640e+02
5.920000e-06	-2.525508e-09	-1.653287e-09	-1.356036e+01	-4.212104e+02
5.930000e-06	-2.582915e-09	-1.720852e-09	-1.386860e+01	-4.382594e+02
5.940000e-06	-2.640127e-09	-1.786956e-09	-1.417579e+01	-4.550089e+02
5.950000e-06	-2.697141e-09	-1.851417e-09	-1.448192e+01	-4.714583e+02
5.960000e-06	-2.753960e-09	-1.914427e-09	-1.478700e+01	-4.876075e+02
5.970000e-06	-2.810582e-09	-1.976651e-09	-1.509103e+01	-5.034576e+02
5.980000e-06	-2.867026e-09	-2.038327e-09	-1.539409e+01	-5.190097e+02
5.990000e-06	-2.923316e-09	-2.098955e-09	-1.569633e+01	-5.342657e+02
6.000000e-06	-2.979466e-09	-2.158492e-09	-1.599782e+01	-5.492274e+02
6.010000e-06	-3.035483e-09	-2.216829e-09	-1.629860e+01	-5.638967e+02
6.020000e-06	-3.091354e-09	-2.273198e-09	-1.659859e+01	-5.782757e+02
6.030000e-06	-3.147049e-09	-2.327697e-09	-1.689764e+01	-5.923662e+02
6.040000e-06	-3.202525e-09	-2.381584e-09	-1.719551e+01	-6.061697e+02
6.050000e-06	-3.257729e-09	-2.435236e-09	-1.749192e+01	-6.196875e+02
6.060000e-06	-3.312604e-09	-2.487696e-09	-1.778656e+01	-6.329205e+02
6.070000e-06	-3.367107e-09	-2.538614e-09	-1.807921e+01	-6.458689e+02
6.080000e-06	-3.421217e-09	-2.588263e-09	-1.836974e+01	-6.585323e+02
6.090000e-06	-3.474926e-09	-2.636886e-09	-1.865812e+01	-6.709098e+02
6.100000e-06	-3.528241e-09	-2.684722e-09	-1.894439e+01	-6.829997e+02
6.110000e-06	-3.581185e-09	-2.731396e-09	-1.922866e+01	-6.947996e+02
6.120000e-06	-3.633801e-09	-2.776695e-09	-1.951118e+01	-7.063066e+02
6.130000e-06	-3.686139e-09	-2.821161e-09	-1.979220e+01	-7.175174e+02
6.140000e-06	-3.738221e-09	-2.864936e-09	-2.007185e+01	-7.284286e+02
6.150000e-06	-3.790054e-09	-2.907354e-09	-2.035016e+01	-7.390368e+02
6.160000e-06	-3.841615e-09	-2.947615e-09	-2.062701e+01	-7.493393e+02
6.170000e-06	-3.892882e-09	-2.985933e-09	-2.090228e+01	-7.593339e+02
6.180000e-06	-3.943848e-09	-3.023428e-09	-2.117593e+01	-7.690197e+02
6.190000e-06	-3.994513e-09	-3.060521e-09	-2.144797e+01	-7.783970e+02
6.200000e-06	-4.044881e-09	-3.096590e-09	-2.171842e+01	-7.874681e+02
6.210000e-06	-4.094950e-09	-3.131541e-09	-2.198726e+01	-7.962367e+02
6.220000e-06	-4.144695e-09	-3.165321e-09	-2.225435e+01	-8.047089e+02
6.230000e-06	-4.194064e-09	-3.197510e-09	-2.251943e+01	-8.128922e+02
6.240000e-06	-4.242992e-09	-3.228964e-09	-2.278214e+01	-8.207961e+02
6.250000e-06	-4.291438e-09	-3.259795e-09	-2.304227e+01	-8.284315e+02
6.260000e-06	-4.339402e-09	-3.288854e-09	-2.329980e+01	-8.358104e+02
6.270000e-06	-4.386932e-09	-3.316308e-09	-2.355501e+01	-8.429457e+02
6.280000e-06	-4.434110e-09	-3.343192e-09	-2.380832e+01	-8.498506e+02
6.290000e-06	-4.481002e-09	-3.369813e-09	-2.406010e+01	-8.565381e+02
6.300000e-06	-4.527646e-09	-3.395902e-09	-2.431055e+01	-8.630208e+02
6.310000e-06	-4.574059e-09	-3.421140e-09	-2.455976e+01	-8.693103e+02
6.320000e-06	-4.620235e-09	-3.444979e-09	-2.480769e+01	-8.754172e+02
6.330000e-06	-4.666134e-09	-3.467747e-09	-2.505414e+01	-8.813508e+02
6.340000e-06	-4.711702e-09	-3.490161e-09	-2.529881e+01	-8.871187e+02
6.350000e-06	-4.756906e-09	-3.512166e-09	-2.554153e+01	-8.927273e+02
6.360000e-06	-4.801750e-09	-3.533306e-09	-2.578231e+01	-8.981816e+02
6.370000e-06	-4.846280e-09	-3.553813e-09	-2.602141e+01	-9.034854e+02
6.380000e-06	-4.890561e-09	-3.574311e-09	-2.625917e+01	-9.086418e+02
6.390000e-06	-4.934633e-09	-3.594628e-09	-2.649581e+01	-9.136530e+02
6.400000e-06	-4.978491e-09	-3.614206e-09	-2.673130e+01	-9.185210e+02
6.410000e-06	-5.022078e-09	-3.632778e-09	-2.696534e+01	-9.232476e+02
6.420000e-06	-5.065323e-09	-3.650557e-09	-2.719753e+01	-9.278349e+02
6.430000e-06	-5.108189e-09	-3.668246e-09	-2.742770e+01	-9.322851e+02
6.440000e-06	-5.150688e-09	-3.685911e-09	-2.765589e+01	-9.366011e+02
6.450000e-06	-5.192849e-09	-3.702859e-09	-2.788226e+01	-9.407863e+02
6.460000e-06	-5.234673e-09	-3.719135e-09	-2.810683e+01	-9.448447e+02
6.470000e-06	-5.276122e-09	-3.735035e-09	-2.832939e+01	-9.487808e+02
6.480000e-06	-5.317169e-09	-3.750625e-09	-2.854978e+01	-9.525995e+02
6.490000e-06	-5.357840e-09	-3.765751e-09	-2.876816e+01	-9.563063e+02
6.500000e-06	-5.398199e-09	-3.779775e-09	-2.898486e+01	-9.599068e+02
6.510000e-06	-5.438308e-09	-3.792657e-09	-2.920022e+01	-9.634068e+02
6.520000e-06	-5.478173e-09	-3.805476e-09	-2.941427e+01	-9.668120e+02
6.530000e-06	-5.517726e-09	-3.818728e-09	-2.962665e+01	-9.701283e+02
6.540000e-06	-5.556841e-09	-3.831776e-09	-2.983667e+01	-9.733613e+02
6.550000e-06	-5.595380e-09	-3.843993e-09	-3.004360e+01	-9.765163e+02
6.560000e-06	-5.633264e-09	-3.855636e-09	-3.024701e+01	-9.795985e+02
6.570000e-06	-5.670508e-09	-3.867423e-09	-3.044699e+01	-9.826128e+02
6.580000e-06	-5.707213e-09	-3.879612e-09	-3.064407e+01	-9.855635e+02
6.590000e-06	-5.743539e-09	-3.891334e-09	-3.083912e+01	-9.884550e+02
6.600000e-06	-5.779593e-09	-3.901815e-09	-3.103270e+01	-9.912908e+02
6.610000e-06	-5.815378e-09	-3.911704e-09	-3.122485e+01	-9.940742e+02
6.620000e-06	-5.850823e-09	-3.922222e-09	-3.141517e+01	-9.968081e+02
6.630000e-06	-5.885850e-09	-3.933409e-09	-3.160324e+01	-9.994948e+02
6.640000e-06	-5.920436e-09	-3.944162e-09	-3.178894e+01	-1.002136e+03
6.650000e-06	-5.954593e-09	-3.954025e-09	-3.197235e+01	-1.004734e+03
6.660000e-06	-5.988319e-09	-3.963707e-09	-3.215343e+01	-1.007288e+03
6.670000e-06	-6.021594e-09	-3.973687e-09	-3.233210e+01	-1.009799e+03
6.680000e-06	-6.054427e-09	-3.983420e-09	-3.250839e+01	-1.012268e+03
6.690000e-06	-6.086877e-09	-3.992334e-09	-3.268262e+01	-1.014694e+03
6.700000e-06	-6.119009e-09	-4.000833e-09	-3.285515e+01	-1.017076e+03
6.710000e-06	-6.150812e-09	-4.009657e-09	-3.302592e+01	-1.019414e+03
6.720000e-06	-6.182182e-09	-4.018999e-09	-3.319435e+01	-1.021708e+03
6.730000e-06	-6.212970e-09	-4.028338e-09	-3.335966e+01	-1.023958e+03
6.740000e-06	-6.243069e-09	-4.037130e-09	-3.352128e+01	-1.026162e+03
6.750000e-06	-6.272470e-09	-4.045320e-09	-3.367914e+01	-1.028322e+03
6.760000e-06	-6.301278e-09	-4.053290e-09	-3.383382e+01	-1.030438e+03
6.770000e-06	-6.329663e-09	-4.061367e-09	-3.398623e+01	-1.032510e+03
6.780000e-06	-6.357746e-09	-4.069453e-09	-3.413702e+01	-1.034541e+03
6.790000e-06	-6.385528e-09	-4.077396e-09	-3.428619e+01	-1.036531e+03
6.800000e-06	-6.412912e-09	-4.084968e-09	-3.443322e+01	-1.038482e+03
6.810000e-06	-6.439813e-09	-4.092275e-09	-3.457766e+01	-1.040394e+03
6.820000e-06	-6.466223e-09	-4.099504e-09	-3.471947e+01	-1.042271e+03
6.830000e-06	-6.492161e-09	-4.106911e-09	-3.485874e+01	-1.044111e+03
6.840000e-06	-6.517606e-09	-4.114058e-09	-3.499537e+01	-1.045916e+03
6.850000e-06	-6.542555e-09	-4.120671e-09	-3.512932e+01	-1.047687e+03
6.860000e-06	-6.567084e-09	-4.127381e-09	-3.526103e+01	-1.049422e+03
6.870000e-06	-6.591298e-09	-4.134264e-09	-3.539104e+01	-1.051122e+03
6.880000e-06	-6.615233e-09	-4.141180e-09	-3.551956e+01	-1.052785e+03
6.890000e-06	-6.638792e-09	-4.147881e-09	-3.564606e+01	-1.054412e+03
6.900000e-06	-6.661792e-09	-4.154120e-09	-3.576955e+01	-1.056000e+03
6.910000e-06	-6.684074e-09	-4.160102e-09	-3.588919e+01	-1.057551e+03
6.920000e-06	-6.705597e-09	-4.166074e-09	-3.600476e+01	-1.059063e+03
6.930000e-06	-6.726464e-09	-4.171772e-09	-3.611680e+01	-1.060537e+03
6.940000e-06	-6.746860e-09	-4.176906e-09	-3.622631e+01	-1.061973e+03
6.950000e-06	-6.766925e-09	-4.182116e-09	-3.633404e+01	-1.063373e+03
6.960000e-06	-6.786652e-09	-4.187922e-09	-3.643997e+01	-1.064738e+03
6.970000e-06	-6.805939e-09	-4.193923e-09	-3.654353e+01	-1.066069e+03
6.980000e-06	-6.824732e-09	-4.199564e-09	-3.664444e+01	-1.067370e+03
6.990000e-06	-6.843064e-09	-4.204664e-09	-3.674286e+01	-1.068641e+03
7.000000e-06	-6.860957e-09	-4.209326e-09	-3.683894e+01	-1.069884e+03
7.010000e-06	-6.878376e-09	-4.213740e-09	-3.693247e+01	-1.071101e+03
7.020000e-06	-6.895298e-09	-4.218155e-09	-3.702333e+01	-1.072291e+03
7.030000e-06	-6.911791e-09	-4.222664e-09	-3.711188e+01	-1.073454e+03
7.040000e-06	-6.927954e-09	-4.227230e-09	-3.719867e+01	-1.074590e+03
7.050000e-06	-6.943759e-09	-4.231955e-09	-3.728353e+01	-1.075697e+03
7.060000e-06	-6.959006e-09	-4.236815e-09	-3.736540e+01	-1.076773e+03
7.070000e-06	-6.973462e-09	-4.241403e-09	-3.744302e+01	-1.077815e+03
7.080000e-06	-6.987066e-09	-4.245396e-09	-3.751606e+01	-1.078821e+03
7.090000e-06	-6.999962e-09	-4.248837e-09	-3.758531e+01	-1.079789e+03
7.100000e-06	-7.012325e-09	-4.251929e-09	-3.765169e+01	-1.080717e+03
7.110000e-06	-7.024215e-09	-4.255114e-09	-3.771553e+01	-1.081604e+03
7.120000e-06	-7.035592e-09	-4.258626e-09	-3.777662e+01	-1.082449e+03
7.130000e-06	-7.046433e-09	-4.262175e-09	-3.783483e+01	-1.083253e+03
7.140000e-06	-7.056789e-09	-4.265768e-09	-3.789043e+01	-1.084017e+03
7.150000e-06	-7.066692e-09	-4.269397e-09	-3.794360e+01	-1.084744e+03
7.160000e-06	-7.076099e-09	-4.272705e-09	-3.799412e+01	-1.085436e+03
7.170000e-06	-7.084989e-09	-4.275366e-09	-3.804185e+01	-1.086095e+03
7.180000e-06	-7.093444e-09	-4.277462e-09	-3.808725e+01	-1.086726e+03
7.190000e-06	-7.101571e-09	-4.279455e-09	-3.813088e+01	-1.087329e+03
7.200000e-06	-7.109349e-09	-4.281747e-09	-3.817265e+01	-1.087908e+03
7.210000e-06	-7.116619e-09	-4.284569e-09	-3.821168e+01	-1.088463e+03
7.220000e-06	-7.123187e-09	-4.287569e-09	-3.824695e+01	-1.088995e+03
7.230000e-06	-7.128955e-09	-4.290096e-09	-3.827792e+01	-1.089501e+03
7.240000e-06	-7.133988e-09	-4.292012e-09	-3.830494e+01	-1.089981e+03
7.250000e-06	-7.138482e-09	-4.293620e-09	-3.832907e+01	-1.090431e+03
7.260000e-06	-7.142608e-09	-4.295173e-09	-3.835122e+01	-1.090847e+03
7.270000e-06	-7.146382e-09	-4.296695e-09	-3.837149e+01	-1.091228e+03
7.280000e-06	-7.149709e-09	-4.298237e-09	-3.838935e+01	-1.091569e+03
7.290000e-06	-7.152530e-09	-4.299535e-09	-3.840450e+01	-1.091867e+03
7.300000e-06	-7.154888e-09	-4.300449e-09	-3.841716e+01	-1.092123e+03
7.310000e-06	-7.156823e-09	-4.301361e-09	-3.842755e+01	-1.092334e+03
7.320000e-06	-7.158208e-09	-4.302045e-09	-3.843499e+01	-1.092503e+03
7.330000e-06	-7.159025e-09	-4.302520e-09	-3.843937e+01	-1.092632e+03
