# Temperatura_=_-1.0667785234899327
# Concentracion g/m^3_=_19900.0
# C_Vs_to_Am_M_A/Vsm_=_254322799225.57578
# pendiente_HvsI_1/m_=_3716.3
# ordenada_HvsI_A/m_=_1297.0
# frecuencia_Hz_=_136262.25272252402
# Promedio de 298 ciclos

Tiempo_(s)	Campo_(V.s)	Magnetizacion_(V.s)	Campo_(kA/m)	Magnetizacion_(A/m)
0.000000e+00	-7.156924e-09	-5.038362e-09	-3.844636e+01	-1.283339e+03
1.000000e-08	-7.157071e-09	-5.039039e-09	-3.844716e+01	-1.283556e+03
2.000000e-08	-7.156868e-09	-5.039819e-09	-3.844607e+01	-1.283723e+03
3.000000e-08	-7.156185e-09	-5.039883e-09	-3.844240e+01	-1.283833e+03
4.000000e-08	-7.154835e-09	-5.039881e-09	-3.843515e+01	-1.283880e+03
5.000000e-08	-7.152697e-09	-5.040658e-09	-3.842366e+01	-1.283861e+03
6.000000e-08	-7.149828e-09	-5.041930e-09	-3.840825e+01	-1.283777e+03
7.000000e-08	-7.146411e-09	-5.043984e-09	-3.838989e+01	-1.283633e+03
8.000000e-08	-7.142563e-09	-5.046901e-09	-3.836922e+01	-1.283435e+03
9.000000e-08	-7.138179e-09	-5.040868e-09	-3.834567e+01	-1.283197e+03
1.000000e-07	-7.133075e-09	-5.019768e-09	-3.831825e+01	-1.282932e+03
1.100000e-07	-7.127323e-09	-5.021982e-09	-3.828735e+01	-1.282657e+03
1.200000e-07	-7.121237e-09	-5.064166e-09	-3.825466e+01	-1.282388e+03
1.300000e-07	-7.114927e-09	-5.066464e-09	-3.822076e+01	-1.282140e+03
1.400000e-07	-7.108168e-09	-5.008703e-09	-3.818445e+01	-1.281927e+03
1.500000e-07	-7.100835e-09	-5.003635e-09	-3.814506e+01	-1.281760e+03
1.600000e-07	-7.093088e-09	-5.075103e-09	-3.810344e+01	-1.281644e+03
1.700000e-07	-7.084998e-09	-5.083724e-09	-3.805999e+01	-1.281579e+03
1.800000e-07	-7.076352e-09	-5.004468e-09	-3.801354e+01	-1.281562e+03
1.900000e-07	-7.066971e-09	-4.998719e-09	-3.796315e+01	-1.281582e+03
2.000000e-07	-7.056953e-09	-5.082746e-09	-3.790933e+01	-1.281627e+03
2.100000e-07	-7.046435e-09	-5.089939e-09	-3.785283e+01	-1.281678e+03
2.200000e-07	-7.035322e-09	-5.019886e-09	-3.779313e+01	-1.281719e+03
2.300000e-07	-7.023548e-09	-5.030278e-09	-3.772988e+01	-1.281728e+03
2.400000e-07	-7.011218e-09	-5.089806e-09	-3.766365e+01	-1.281689e+03
2.500000e-07	-6.998365e-09	-5.061165e-09	-3.759460e+01	-1.281585e+03
2.600000e-07	-6.984915e-09	-5.016058e-09	-3.752235e+01	-1.281407e+03
2.700000e-07	-6.970857e-09	-5.060364e-09	-3.744683e+01	-1.281146e+03
2.800000e-07	-6.956154e-09	-5.082712e-09	-3.736785e+01	-1.280803e+03
2.900000e-07	-6.940700e-09	-5.031189e-09	-3.728483e+01	-1.280381e+03
3.000000e-07	-6.924533e-09	-5.034669e-09	-3.719798e+01	-1.279890e+03
3.100000e-07	-6.907842e-09	-5.072526e-09	-3.710832e+01	-1.279342e+03
3.200000e-07	-6.890751e-09	-5.028191e-09	-3.701650e+01	-1.278753e+03
3.300000e-07	-6.873261e-09	-4.996475e-09	-3.692255e+01	-1.278139e+03
3.400000e-07	-6.855351e-09	-5.058782e-09	-3.682634e+01	-1.277517e+03
3.500000e-07	-6.836964e-09	-5.069679e-09	-3.672757e+01	-1.276902e+03
3.600000e-07	-6.818036e-09	-5.005433e-09	-3.662589e+01	-1.276303e+03
3.700000e-07	-6.798621e-09	-5.017207e-09	-3.652159e+01	-1.275728e+03
3.800000e-07	-6.778831e-09	-5.062626e-09	-3.641528e+01	-1.275176e+03
3.900000e-07	-6.758686e-09	-5.018118e-09	-3.630706e+01	-1.274645e+03
4.000000e-07	-6.738113e-09	-4.986056e-09	-3.619655e+01	-1.274125e+03
4.100000e-07	-6.717057e-09	-5.035859e-09	-3.608343e+01	-1.273601e+03
4.200000e-07	-6.695507e-09	-5.035446e-09	-3.596767e+01	-1.273056e+03
4.300000e-07	-6.673489e-09	-4.990094e-09	-3.584939e+01	-1.272472e+03
4.400000e-07	-6.651025e-09	-5.012660e-09	-3.572872e+01	-1.271829e+03
4.500000e-07	-6.628092e-09	-5.027419e-09	-3.560552e+01	-1.271107e+03
4.600000e-07	-6.604712e-09	-4.981650e-09	-3.547993e+01	-1.270292e+03
4.700000e-07	-6.580985e-09	-4.983056e-09	-3.535247e+01	-1.269370e+03
4.800000e-07	-6.556934e-09	-5.012962e-09	-3.522327e+01	-1.268334e+03
4.900000e-07	-6.532433e-09	-4.982009e-09	-3.509165e+01	-1.267181e+03
5.000000e-07	-6.507323e-09	-4.961472e-09	-3.495676e+01	-1.265914e+03
5.100000e-07	-6.481486e-09	-4.987221e-09	-3.481797e+01	-1.264538e+03
5.200000e-07	-6.454898e-09	-4.975780e-09	-3.467514e+01	-1.263064e+03
5.300000e-07	-6.427684e-09	-4.947837e-09	-3.452895e+01	-1.261506e+03
5.400000e-07	-6.400037e-09	-4.959538e-09	-3.438043e+01	-1.259878e+03
5.500000e-07	-6.372059e-09	-4.958373e-09	-3.423013e+01	-1.258195e+03
5.600000e-07	-6.343732e-09	-4.934161e-09	-3.407797e+01	-1.256470e+03
5.700000e-07	-6.314987e-09	-4.936346e-09	-3.392355e+01	-1.254717e+03
5.800000e-07	-6.285802e-09	-4.939120e-09	-3.376677e+01	-1.252942e+03
5.900000e-07	-6.256213e-09	-4.920792e-09	-3.360782e+01	-1.251154e+03
6.000000e-07	-6.226235e-09	-4.915115e-09	-3.344678e+01	-1.249352e+03
6.100000e-07	-6.195821e-09	-4.913446e-09	-3.328340e+01	-1.247537e+03
6.200000e-07	-6.164941e-09	-4.898523e-09	-3.311751e+01	-1.245703e+03
6.300000e-07	-6.133650e-09	-4.893355e-09	-3.294942e+01	-1.243845e+03
6.400000e-07	-6.102044e-09	-4.892036e-09	-3.277964e+01	-1.241956e+03
6.500000e-07	-6.070157e-09	-4.878168e-09	-3.260834e+01	-1.240027e+03
6.600000e-07	-6.037920e-09	-4.869851e-09	-3.243517e+01	-1.238051e+03
6.700000e-07	-6.005167e-09	-4.867502e-09	-3.225922e+01	-1.236022e+03
6.800000e-07	-5.971739e-09	-4.856360e-09	-3.207965e+01	-1.233935e+03
6.900000e-07	-5.937604e-09	-4.847048e-09	-3.189628e+01	-1.231790e+03
7.000000e-07	-5.902835e-09	-4.841020e-09	-3.170951e+01	-1.229585e+03
7.100000e-07	-5.867566e-09	-4.828688e-09	-3.152005e+01	-1.227322e+03
7.200000e-07	-5.831949e-09	-4.820058e-09	-3.132871e+01	-1.225007e+03
7.300000e-07	-5.796072e-09	-4.816396e-09	-3.113598e+01	-1.222642e+03
7.400000e-07	-5.759918e-09	-4.804805e-09	-3.094177e+01	-1.220235e+03
7.500000e-07	-5.723412e-09	-4.791839e-09	-3.074566e+01	-1.217789e+03
7.600000e-07	-5.686486e-09	-4.785319e-09	-3.054730e+01	-1.215310e+03
7.700000e-07	-5.649121e-09	-4.777225e-09	-3.034658e+01	-1.212800e+03
7.800000e-07	-5.611333e-09	-4.766003e-09	-3.014358e+01	-1.210262e+03
7.900000e-07	-5.573129e-09	-4.755946e-09	-2.993835e+01	-1.207696e+03
8.000000e-07	-5.534491e-09	-4.745065e-09	-2.973079e+01	-1.205099e+03
8.100000e-07	-5.495430e-09	-4.733858e-09	-2.952096e+01	-1.202470e+03
8.200000e-07	-5.456017e-09	-4.724389e-09	-2.930923e+01	-1.199804e+03
8.300000e-07	-5.416339e-09	-4.713993e-09	-2.909609e+01	-1.197098e+03
8.400000e-07	-5.376428e-09	-4.702109e-09	-2.888169e+01	-1.194345e+03
8.500000e-07	-5.336211e-09	-4.690830e-09	-2.866565e+01	-1.191543e+03
8.600000e-07	-5.295559e-09	-4.680504e-09	-2.844727e+01	-1.188688e+03
8.700000e-07	-5.254392e-09	-4.670272e-09	-2.822612e+01	-1.185778e+03
8.800000e-07	-5.212696e-09	-4.658519e-09	-2.800214e+01	-1.182813e+03
8.900000e-07	-5.170466e-09	-4.644980e-09	-2.777528e+01	-1.179792e+03
9.000000e-07	-5.127716e-09	-4.632070e-09	-2.754564e+01	-1.176717e+03
9.100000e-07	-5.084505e-09	-4.620479e-09	-2.731351e+01	-1.173591e+03
9.200000e-07	-5.040916e-09	-4.608765e-09	-2.707935e+01	-1.170415e+03
9.300000e-07	-4.997034e-09	-4.596531e-09	-2.684362e+01	-1.167194e+03
9.400000e-07	-4.952889e-09	-4.584157e-09	-2.660648e+01	-1.163928e+03
9.500000e-07	-4.908447e-09	-4.571462e-09	-2.636774e+01	-1.160621e+03
9.600000e-07	-4.863660e-09	-4.558716e-09	-2.612714e+01	-1.157273e+03
9.700000e-07	-4.818510e-09	-4.545579e-09	-2.588460e+01	-1.153883e+03
9.800000e-07	-4.773014e-09	-4.531087e-09	-2.564020e+01	-1.150451e+03
9.900000e-07	-4.727199e-09	-4.516082e-09	-2.539409e+01	-1.146975e+03
1.000000e-06	-4.681074e-09	-4.502459e-09	-2.514631e+01	-1.143450e+03
1.010000e-06	-4.634632e-09	-4.489924e-09	-2.489683e+01	-1.139874e+03
1.020000e-06	-4.587863e-09	-4.476698e-09	-2.464559e+01	-1.136243e+03
1.030000e-06	-4.540769e-09	-4.461994e-09	-2.439260e+01	-1.132554e+03
1.040000e-06	-4.493378e-09	-4.446643e-09	-2.413802e+01	-1.128803e+03
1.050000e-06	-4.445719e-09	-4.431615e-09	-2.388200e+01	-1.124988e+03
1.060000e-06	-4.397813e-09	-4.416868e-09	-2.362465e+01	-1.121106e+03
1.070000e-06	-4.349644e-09	-4.401675e-09	-2.336589e+01	-1.117158e+03
1.080000e-06	-4.301149e-09	-4.385839e-09	-2.310538e+01	-1.113143e+03
1.090000e-06	-4.252247e-09	-4.369845e-09	-2.284268e+01	-1.109061e+03
1.100000e-06	-4.202879e-09	-4.354156e-09	-2.257749e+01	-1.104912e+03
1.110000e-06	-4.153028e-09	-4.338269e-09	-2.230970e+01	-1.100697e+03
1.120000e-06	-4.102707e-09	-4.321389e-09	-2.203938e+01	-1.096417e+03
1.130000e-06	-4.051947e-09	-4.303670e-09	-2.176670e+01	-1.092071e+03
1.140000e-06	-4.000800e-09	-4.285958e-09	-2.149194e+01	-1.087658e+03
1.150000e-06	-3.949333e-09	-4.268820e-09	-2.121546e+01	-1.083177e+03
1.160000e-06	-3.897585e-09	-4.251718e-09	-2.093748e+01	-1.078625e+03
1.170000e-06	-3.845573e-09	-4.233955e-09	-2.065807e+01	-1.073999e+03
1.180000e-06	-3.793285e-09	-4.215224e-09	-2.037719e+01	-1.069297e+03
1.190000e-06	-3.740701e-09	-4.195988e-09	-2.009471e+01	-1.064513e+03
1.200000e-06	-3.687805e-09	-4.176761e-09	-1.981056e+01	-1.059645e+03
1.210000e-06	-3.634615e-09	-4.157038e-09	-1.952483e+01	-1.054689e+03
1.220000e-06	-3.581160e-09	-4.136529e-09	-1.923767e+01	-1.049644e+03
1.230000e-06	-3.527467e-09	-4.116032e-09	-1.894924e+01	-1.044507e+03
1.240000e-06	-3.473547e-09	-4.096089e-09	-1.865958e+01	-1.039278e+03
1.250000e-06	-3.419404e-09	-4.076252e-09	-1.836873e+01	-1.033957e+03
1.260000e-06	-3.365037e-09	-4.055403e-09	-1.807668e+01	-1.028544e+03
1.270000e-06	-3.310440e-09	-4.033262e-09	-1.778339e+01	-1.023042e+03
1.280000e-06	-3.255608e-09	-4.010512e-09	-1.748883e+01	-1.017452e+03
1.290000e-06	-3.200547e-09	-3.987516e-09	-1.719305e+01	-1.011776e+03
1.300000e-06	-3.145274e-09	-3.964382e-09	-1.689613e+01	-1.006015e+03
1.310000e-06	-3.089810e-09	-3.941401e-09	-1.659818e+01	-1.000171e+03
1.320000e-06	-3.034178e-09	-3.918322e-09	-1.629933e+01	-9.942412e+02
1.330000e-06	-2.978397e-09	-3.894701e-09	-1.599968e+01	-9.882258e+02
1.340000e-06	-2.922482e-09	-3.870874e-09	-1.569930e+01	-9.821214e+02
1.350000e-06	-2.866431e-09	-3.846631e-09	-1.539821e+01	-9.759240e+02
1.360000e-06	-2.810234e-09	-3.821039e-09	-1.509632e+01	-9.696281e+02
1.370000e-06	-2.753871e-09	-3.794420e-09	-1.479354e+01	-9.632274e+02
1.380000e-06	-2.697318e-09	-3.768035e-09	-1.448974e+01	-9.567147e+02
1.390000e-06	-2.640544e-09	-3.742110e-09	-1.418476e+01	-9.500826e+02
1.400000e-06	-2.583525e-09	-3.715758e-09	-1.387846e+01	-9.433233e+02
1.410000e-06	-2.526236e-09	-3.688660e-09	-1.357071e+01	-9.364295e+02
1.420000e-06	-2.468665e-09	-3.661141e-09	-1.326145e+01	-9.293941e+02
1.430000e-06	-2.410803e-09	-3.633180e-09	-1.295062e+01	-9.222108e+02
1.440000e-06	-2.352649e-09	-3.604631e-09	-1.263822e+01	-9.148741e+02
1.450000e-06	-2.294211e-09	-3.575307e-09	-1.232430e+01	-9.073792e+02
1.460000e-06	-2.235489e-09	-3.545088e-09	-1.200885e+01	-8.997222e+02
1.470000e-06	-2.176510e-09	-3.514324e-09	-1.169202e+01	-8.919000e+02
1.480000e-06	-2.117318e-09	-3.483336e-09	-1.137405e+01	-8.839097e+02
1.490000e-06	-2.057948e-09	-3.451701e-09	-1.105512e+01	-8.757490e+02
1.500000e-06	-1.998432e-09	-3.419064e-09	-1.073540e+01	-8.674157e+02
1.510000e-06	-1.938804e-09	-3.385506e-09	-1.041508e+01	-8.589076e+02
1.520000e-06	-1.879092e-09	-3.351293e-09	-1.009431e+01	-8.502222e+02
1.530000e-06	-1.819306e-09	-3.316756e-09	-9.773150e+00	-8.413569e+02
1.540000e-06	-1.759452e-09	-3.281809e-09	-9.451619e+00	-8.323084e+02
1.550000e-06	-1.699534e-09	-3.245576e-09	-9.129743e+00	-8.230734e+02
1.560000e-06	-1.639549e-09	-3.207700e-09	-8.807504e+00	-8.136476e+02
1.570000e-06	-1.579490e-09	-3.169302e-09	-8.484875e+00	-8.040267e+02
1.580000e-06	-1.519357e-09	-3.130922e-09	-8.161843e+00	-7.942057e+02
1.590000e-06	-1.459140e-09	-3.091668e-09	-7.838365e+00	-7.841793e+02
1.600000e-06	-1.398836e-09	-3.051008e-09	-7.514412e+00	-7.739415e+02
1.610000e-06	-1.338436e-09	-3.009441e-09	-7.189951e+00	-7.634859e+02
1.620000e-06	-1.277942e-09	-2.967393e-09	-6.864985e+00	-7.528055e+02
1.630000e-06	-1.217362e-09	-2.924522e-09	-6.539552e+00	-7.418926e+02
1.640000e-06	-1.156696e-09	-2.880665e-09	-6.213661e+00	-7.307385e+02
1.650000e-06	-1.095955e-09	-2.835748e-09	-5.887367e+00	-7.193338e+02
1.660000e-06	-1.035152e-09	-2.789364e-09	-5.560737e+00	-7.076678e+02
1.670000e-06	-9.742882e-10	-2.742012e-09	-5.233781e+00	-6.957292e+02
1.680000e-06	-9.133610e-10	-2.693924e-09	-4.906486e+00	-6.835051e+02
1.690000e-06	-8.523759e-10	-2.644398e-09	-4.578880e+00	-6.709819e+02
1.700000e-06	-7.913298e-10	-2.593298e-09	-4.250945e+00	-6.581452e+02
1.710000e-06	-7.302161e-10	-2.540871e-09	-3.922648e+00	-6.449796e+02
1.720000e-06	-6.690389e-10	-2.487417e-09	-3.594010e+00	-6.314698e+02
1.730000e-06	-6.078028e-10	-2.432861e-09	-3.265055e+00	-6.176001e+02
1.740000e-06	-5.465142e-10	-2.376794e-09	-2.935818e+00	-6.033552e+02
1.750000e-06	-4.851782e-10	-2.319023e-09	-2.606326e+00	-5.887207e+02
1.760000e-06	-4.237963e-10	-2.259404e-09	-2.276588e+00	-5.736830e+02
1.770000e-06	-3.623759e-10	-2.198089e-09	-1.946643e+00	-5.582302e+02
1.780000e-06	-3.009254e-10	-2.135091e-09	-1.616536e+00	-5.423521e+02
1.790000e-06	-2.394583e-10	-2.070322e-09	-1.286340e+00	-5.260405e+02
1.800000e-06	-1.779893e-10	-2.004053e-09	-9.561344e-01	-5.092895e+02
1.810000e-06	-1.165295e-10	-1.936262e-09	-6.259778e-01	-4.920955e+02
1.820000e-06	-5.507937e-11	-1.866748e-09	-2.958730e-01	-4.744575e+02
1.830000e-06	6.365087e-12	-1.795381e-09	3.420114e-02	-4.563768e+02
1.840000e-06	6.781091e-11	-1.722057e-09	3.642828e-01	-4.378573e+02
1.850000e-06	1.292615e-10	-1.646945e-09	6.943899e-01	-4.189053e+02
1.860000e-06	1.907080e-10	-1.570242e-09	1.024476e+00	-3.995295e+02
1.870000e-06	2.521474e-10	-1.492102e-09	1.354522e+00	-3.797409e+02
1.880000e-06	3.135715e-10	-1.412527e-09	1.684487e+00	-3.595527e+02
1.890000e-06	3.749728e-10	-1.331347e-09	2.014330e+00	-3.389802e+02
1.900000e-06	4.363465e-10	-1.248500e-09	2.344024e+00	-3.180408e+02
1.910000e-06	4.976860e-10	-1.164134e-09	2.673534e+00	-2.967537e+02
1.920000e-06	5.589838e-10	-1.078463e-09	3.002820e+00	-2.751399e+02
1.930000e-06	6.202291e-10	-9.916009e-10	3.331824e+00	-2.532219e+02
1.940000e-06	6.814083e-10	-9.037256e-10	3.660473e+00	-2.310233e+02
1.950000e-06	7.425153e-10	-8.148514e-10	3.988735e+00	-2.085688e+02
1.960000e-06	8.035489e-10	-7.249986e-10	4.316601e+00	-1.858835e+02
1.970000e-06	8.645138e-10	-6.346719e-10	4.644099e+00	-1.629928e+02
1.980000e-06	9.254163e-10	-5.439363e-10	4.971262e+00	-1.399215e+02
1.990000e-06	9.862547e-10	-4.523801e-10	5.298080e+00	-1.166941e+02
2.000000e-06	1.047024e-09	-3.601738e-10	5.624529e+00	-9.333351e+01
2.010000e-06	1.107722e-09	-2.676800e-10	5.950593e+00	-6.986159e+01
2.020000e-06	1.168350e-09	-1.747125e-10	6.276278e+00	-4.629836e+01
2.030000e-06	1.228899e-09	-8.107696e-11	6.601545e+00	-2.266218e+01
2.040000e-06	1.289366e-09	1.280003e-11	6.926367e+00	1.030280e+00
2.050000e-06	1.349747e-09	1.065771e-10	7.250731e+00	2.476379e+01
2.060000e-06	1.410039e-09	2.004566e-10	7.574612e+00	4.852422e+01
2.070000e-06	1.470242e-09	2.942291e-10	7.898017e+00	7.229806e+01
2.080000e-06	1.530363e-09	3.875976e-10	8.220983e+00	9.607184e+01
2.090000e-06	1.590403e-09	4.810613e-10	8.543514e+00	1.198315e+02
2.100000e-06	1.650368e-09	5.747864e-10	8.865641e+00	1.435619e+02
2.110000e-06	1.710265e-09	6.683109e-10	9.187407e+00	1.672461e+02
2.120000e-06	1.770096e-09	7.614807e-10	9.508815e+00	1.908652e+02
2.130000e-06	1.829857e-09	8.544719e-10	9.829846e+00	2.143978e+02
2.140000e-06	1.889541e-09	9.470736e-10	1.015046e+01	2.378204e+02
2.150000e-06	1.949140e-09	1.038955e-09	1.047063e+01	2.611070e+02
2.160000e-06	2.008637e-09	1.130131e-09	1.079024e+01	2.842302e+02
2.170000e-06	2.068012e-09	1.220473e-09	1.110919e+01	3.071614e+02
2.180000e-06	2.127237e-09	1.309718e-09	1.142735e+01	3.298716e+02
2.190000e-06	2.186272e-09	1.397659e-09	1.174448e+01	3.523326e+02
2.200000e-06	2.245079e-09	1.484297e-09	1.206038e+01	3.745177e+02
2.210000e-06	2.303627e-09	1.569971e-09	1.237490e+01	3.964025e+02
2.220000e-06	2.361896e-09	1.654717e-09	1.268791e+01	4.179663e+02
2.230000e-06	2.419862e-09	1.738360e-09	1.299930e+01	4.391921e+02
2.240000e-06	2.477517e-09	1.820686e-09	1.330901e+01	4.600672e+02
2.250000e-06	2.534873e-09	1.901374e-09	1.361712e+01	4.805838e+02
2.260000e-06	2.591943e-09	1.980485e-09	1.392370e+01	5.007383e+02
2.270000e-06	2.648756e-09	2.058339e-09	1.422889e+01	5.205312e+02
2.280000e-06	2.705341e-09	2.134913e-09	1.453286e+01	5.399664e+02
2.290000e-06	2.761725e-09	2.209841e-09	1.483575e+01	5.590507e+02
2.300000e-06	2.817925e-09	2.283091e-09	1.513765e+01	5.777922e+02
2.310000e-06	2.873963e-09	2.355031e-09	1.543868e+01	5.962000e+02
2.320000e-06	2.929852e-09	2.425798e-09	1.573891e+01	6.142828e+02
2.330000e-06	2.985598e-09	2.495426e-09	1.603838e+01	6.320481e+02
2.340000e-06	3.041193e-09	2.564348e-09	1.633703e+01	6.495017e+02
2.350000e-06	3.096616e-09	2.632616e-09	1.663476e+01	6.666469e+02
2.360000e-06	3.151842e-09	2.699484e-09	1.693143e+01	6.834845e+02
2.370000e-06	3.206846e-09	2.764344e-09	1.722691e+01	7.000126e+02
2.380000e-06	3.261625e-09	2.827194e-09	1.752117e+01	7.162267e+02
2.390000e-06	3.316179e-09	2.888145e-09	1.781423e+01	7.321206e+02
2.400000e-06	3.370508e-09	2.947765e-09	1.810608e+01	7.476864e+02
2.410000e-06	3.424621e-09	3.007093e-09	1.839677e+01	7.629154e+02
2.420000e-06	3.478525e-09	3.066320e-09	1.868634e+01	7.777988e+02
2.430000e-06	3.532207e-09	3.124800e-09	1.897471e+01	7.923283e+02
2.440000e-06	3.585648e-09	3.181673e-09	1.926180e+01	8.064966e+02
2.450000e-06	3.638823e-09	3.236042e-09	1.954745e+01	8.202980e+02
2.460000e-06	3.691710e-09	3.287818e-09	1.983155e+01	8.337287e+02
2.470000e-06	3.744302e-09	3.337702e-09	2.011407e+01	8.467866e+02
2.480000e-06	3.796605e-09	3.386219e-09	2.039503e+01	8.594718e+02
2.490000e-06	3.848621e-09	3.433685e-09	2.067446e+01	8.717860e+02
2.500000e-06	3.900349e-09	3.480592e-09	2.095234e+01	8.837326e+02
2.510000e-06	3.951760e-09	3.527035e-09	2.122852e+01	8.953163e+02
2.520000e-06	4.002808e-09	3.572252e-09	2.150274e+01	9.065428e+02
2.530000e-06	4.053446e-09	3.615450e-09	2.177476e+01	9.174183e+02
2.540000e-06	4.103629e-09	3.656344e-09	2.204434e+01	9.279498e+02
2.550000e-06	4.153332e-09	3.694992e-09	2.231134e+01	9.381445e+02
2.560000e-06	4.202563e-09	3.732256e-09	2.257580e+01	9.480100e+02
2.570000e-06	4.251361e-09	3.769194e-09	2.283794e+01	9.575542e+02
2.580000e-06	4.299792e-09	3.805621e-09	2.309811e+01	9.667853e+02
2.590000e-06	4.347927e-09	3.840904e-09	2.335668e+01	9.757121e+02
2.600000e-06	4.395820e-09	3.875222e-09	2.361396e+01	9.843443e+02
2.610000e-06	4.443482e-09	3.908668e-09	2.387000e+01	9.926919e+02
2.620000e-06	4.490882e-09	3.940534e-09	2.412463e+01	1.000766e+03
2.630000e-06	4.537972e-09	3.970719e-09	2.437759e+01	1.008579e+03
2.640000e-06	4.584721e-09	4.000027e-09	2.462872e+01	1.016143e+03
2.650000e-06	4.631125e-09	4.028698e-09	2.487800e+01	1.023470e+03
2.660000e-06	4.677203e-09	4.056677e-09	2.512553e+01	1.030576e+03
2.670000e-06	4.722973e-09	4.083905e-09	2.537140e+01	1.037471e+03
2.680000e-06	4.768430e-09	4.110121e-09	2.561559e+01	1.044169e+03
2.690000e-06	4.813560e-09	4.135618e-09	2.585803e+01	1.050682e+03
2.700000e-06	4.858356e-09	4.160833e-09	2.609866e+01	1.057020e+03
2.710000e-06	4.902834e-09	4.185754e-09	2.633759e+01	1.063193e+03
2.720000e-06	4.947032e-09	4.210112e-09	2.657503e+01	1.069207e+03
2.730000e-06	4.990997e-09	4.233593e-09	2.681120e+01	1.075069e+03
2.740000e-06	5.034748e-09	4.256042e-09	2.704623e+01	1.080782e+03
2.750000e-06	5.078238e-09	4.277633e-09	2.727986e+01	1.086351e+03
2.760000e-06	5.121363e-09	4.298873e-09	2.751152e+01	1.091777e+03
2.770000e-06	5.163987e-09	4.319688e-09	2.774049e+01	1.097062e+03
2.780000e-06	5.206006e-09	4.339799e-09	2.796621e+01	1.102206e+03
2.790000e-06	5.247397e-09	4.359642e-09	2.818856e+01	1.107211e+03
2.800000e-06	5.288217e-09	4.379285e-09	2.840784e+01	1.112078e+03
2.810000e-06	5.328589e-09	4.398116e-09	2.862471e+01	1.116809e+03
2.820000e-06	5.368643e-09	4.415839e-09	2.883988e+01	1.121408e+03
2.830000e-06	5.408450e-09	4.432672e-09	2.905372e+01	1.125878e+03
2.840000e-06	5.448002e-09	4.449305e-09	2.926619e+01	1.130223e+03
2.850000e-06	5.487238e-09	4.466229e-09	2.947696e+01	1.134449e+03
2.860000e-06	5.526092e-09	4.482737e-09	2.968568e+01	1.138561e+03
2.870000e-06	5.564530e-09	4.498035e-09	2.989217e+01	1.142565e+03
2.880000e-06	5.602550e-09	4.512539e-09	3.009641e+01	1.146465e+03
2.890000e-06	5.640155e-09	4.526996e-09	3.029842e+01	1.150267e+03
2.900000e-06	5.677343e-09	4.541442e-09	3.049819e+01	1.153974e+03
2.910000e-06	5.714122e-09	4.555695e-09	3.069576e+01	1.157591e+03
2.920000e-06	5.750533e-09	4.569419e-09	3.089136e+01	1.161121e+03
2.930000e-06	5.786640e-09	4.582476e-09	3.108532e+01	1.164566e+03
2.940000e-06	5.822502e-09	4.595491e-09	3.127797e+01	1.167927e+03
2.950000e-06	5.858104e-09	4.608500e-09	3.146923e+01	1.171207e+03
2.960000e-06	5.893349e-09	4.620782e-09	3.165856e+01	1.174407e+03
2.970000e-06	5.928092e-09	4.632440e-09	3.184519e+01	1.177528e+03
2.980000e-06	5.962180e-09	4.644206e-09	3.202831e+01	1.180574e+03
2.990000e-06	5.995554e-09	4.656448e-09	3.220759e+01	1.183548e+03
3.000000e-06	6.028291e-09	4.668851e-09	3.238345e+01	1.186451e+03
3.010000e-06	6.060551e-09	4.680721e-09	3.255675e+01	1.189290e+03
3.020000e-06	6.092477e-09	4.691834e-09	3.272825e+01	1.192068e+03
3.030000e-06	6.124111e-09	4.702350e-09	3.289818e+01	1.194789e+03
3.040000e-06	6.155396e-09	4.712583e-09	3.306625e+01	1.197459e+03
3.050000e-06	6.186252e-09	4.722956e-09	3.323200e+01	1.200082e+03
3.060000e-06	6.216647e-09	4.733320e-09	3.339528e+01	1.202660e+03
3.070000e-06	6.246602e-09	4.743424e-09	3.355620e+01	1.205198e+03
3.080000e-06	6.276134e-09	4.753527e-09	3.371484e+01	1.207696e+03
3.090000e-06	6.305237e-09	4.763581e-09	3.387118e+01	1.210155e+03
3.100000e-06	6.333915e-09	4.773108e-09	3.402524e+01	1.212575e+03
3.110000e-06	6.362225e-09	4.782080e-09	3.417732e+01	1.214955e+03
3.120000e-06	6.390234e-09	4.791052e-09	3.432778e+01	1.217292e+03
3.130000e-06	6.417962e-09	4.800457e-09	3.447673e+01	1.219584e+03
3.140000e-06	6.445319e-09	4.810187e-09	3.462369e+01	1.221830e+03
3.150000e-06	6.472122e-09	4.819687e-09	3.476767e+01	1.224027e+03
3.160000e-06	6.498189e-09	4.828390e-09	3.490770e+01	1.226174e+03
3.170000e-06	6.523471e-09	4.836223e-09	3.504351e+01	1.228271e+03
3.180000e-06	6.548080e-09	4.843706e-09	3.517571e+01	1.230318e+03
3.190000e-06	6.572200e-09	4.851441e-09	3.530528e+01	1.232317e+03
3.200000e-06	6.595940e-09	4.859378e-09	3.543281e+01	1.234271e+03
3.210000e-06	6.619283e-09	4.867203e-09	3.555821e+01	1.236183e+03
3.220000e-06	6.642170e-09	4.875050e-09	3.568115e+01	1.238056e+03
3.230000e-06	6.664584e-09	4.883013e-09	3.580156e+01	1.239894e+03
3.240000e-06	6.686552e-09	4.890572e-09	3.591957e+01	1.241698e+03
3.250000e-06	6.708077e-09	4.897198e-09	3.603520e+01	1.243473e+03
3.260000e-06	6.729125e-09	4.903388e-09	3.614827e+01	1.245218e+03
3.270000e-06	6.749697e-09	4.909935e-09	3.625878e+01	1.246934e+03
3.280000e-06	6.769875e-09	4.916760e-09	3.636717e+01	1.248619e+03
3.290000e-06	6.789745e-09	4.923647e-09	3.647392e+01	1.250272e+03
3.300000e-06	6.809292e-09	4.930389e-09	3.657892e+01	1.251890e+03
3.310000e-06	6.828395e-09	4.936772e-09	3.668154e+01	1.253469e+03
3.320000e-06	6.846934e-09	4.943154e-09	3.678113e+01	1.255006e+03
3.330000e-06	6.864874e-09	4.949740e-09	3.687750e+01	1.256498e+03
3.340000e-06	6.882283e-09	4.955762e-09	3.697102e+01	1.257943e+03
3.350000e-06	6.899263e-09	4.960832e-09	3.706223e+01	1.259339e+03
3.360000e-06	6.915839e-09	4.965658e-09	3.715128e+01	1.260686e+03
3.370000e-06	6.931926e-09	4.970828e-09	3.723770e+01	1.261986e+03
3.380000e-06	6.947406e-09	4.976357e-09	3.732085e+01	1.263240e+03
3.390000e-06	6.962245e-09	4.981841e-09	3.740057e+01	1.264453e+03
3.400000e-06	6.976506e-09	4.986784e-09	3.747717e+01	1.265626e+03
3.410000e-06	6.990256e-09	4.991318e-09	3.755104e+01	1.266765e+03
3.420000e-06	7.003495e-09	4.995849e-09	3.762216e+01	1.267873e+03
3.430000e-06	7.016205e-09	5.000291e-09	3.769044e+01	1.268952e+03
3.440000e-06	7.028426e-09	5.004351e-09	3.775609e+01	1.270003e+03
3.450000e-06	7.040180e-09	5.008003e-09	3.781923e+01	1.271028e+03
3.460000e-06	7.051397e-09	5.011594e-09	3.787948e+01	1.272024e+03
3.470000e-06	7.061918e-09	5.015488e-09	3.793600e+01	1.272989e+03
3.480000e-06	7.071630e-09	5.019530e-09	3.798817e+01	1.273919e+03
3.490000e-06	7.080577e-09	5.023185e-09	3.803623e+01	1.274809e+03
3.500000e-06	7.088938e-09	5.026190e-09	3.808115e+01	1.275656e+03
3.510000e-06	7.096900e-09	5.028788e-09	3.812392e+01	1.276455e+03
3.520000e-06	7.104516e-09	5.031466e-09	3.816483e+01	1.277202e+03
3.530000e-06	7.111702e-09	5.034171e-09	3.820344e+01	1.277896e+03
3.540000e-06	7.118375e-09	5.036433e-09	3.823928e+01	1.278537e+03
3.550000e-06	7.124530e-09	5.038090e-09	3.827235e+01	1.279126e+03
3.560000e-06	7.130179e-09	5.039508e-09	3.830269e+01	1.279667e+03
3.570000e-06	7.135302e-09	5.041369e-09	3.833021e+01	1.280165e+03
3.580000e-06	7.139919e-09	5.044010e-09	3.835501e+01	1.280625e+03
3.590000e-06	7.144121e-09	5.046930e-09	3.837759e+01	1.281055e+03
3.600000e-06	7.147997e-09	5.049150e-09	3.839841e+01	1.281460e+03
3.610000e-06	7.151522e-09	5.050370e-09	3.841735e+01	1.281845e+03
3.620000e-06	7.154538e-09	5.051149e-09	3.843355e+01	1.282213e+03
3.630000e-06	7.156858e-09	5.051795e-09	3.844601e+01	1.282566e+03
3.640000e-06	7.158387e-09	5.051967e-09	3.845422e+01	1.282902e+03
3.650000e-06	7.159194e-09	5.051780e-09	3.845856e+01	1.283218e+03
3.660000e-06	7.159460e-09	5.052385e-09	3.845999e+01	1.283509e+03
3.670000e-06	7.159339e-09	5.054026e-09	3.845933e+01	1.283765e+03
3.680000e-06	7.158843e-09	5.055414e-09	3.845667e+01	1.283979e+03
3.690000e-06	7.157892e-09	5.055911e-09	3.845156e+01	1.284143e+03
3.700000e-06	7.156441e-09	5.055596e-09	3.844377e+01	1.284250e+03
3.710000e-06	7.154522e-09	5.054968e-09	3.843346e+01	1.284293e+03
3.720000e-06	7.152162e-09	5.054681e-09	3.842078e+01	1.284270e+03
3.730000e-06	7.149338e-09	5.053614e-09	3.840561e+01	1.284182e+03
3.740000e-06	7.146034e-09	5.048329e-09	3.838786e+01	1.284034e+03
3.750000e-06	7.142246e-09	5.048061e-09	3.836751e+01	1.283834e+03
3.760000e-06	7.137796e-09	5.073337e-09	3.834361e+01	1.283594e+03
3.770000e-06	7.132408e-09	5.084010e-09	3.831467e+01	1.283328e+03
3.780000e-06	7.126227e-09	5.031800e-09	3.828146e+01	1.283053e+03
3.790000e-06	7.119799e-09	5.008149e-09	3.824693e+01	1.282785e+03
3.800000e-06	7.113272e-09	5.069552e-09	3.821187e+01	1.282539e+03
3.810000e-06	7.106244e-09	5.089230e-09	3.817411e+01	1.282329e+03
3.820000e-06	7.098524e-09	5.015198e-09	3.813264e+01	1.282165e+03
3.830000e-06	7.090365e-09	4.990263e-09	3.808881e+01	1.282052e+03
3.840000e-06	7.081910e-09	5.066126e-09	3.804340e+01	1.281991e+03
3.850000e-06	7.072943e-09	5.084718e-09	3.799523e+01	1.281976e+03
3.860000e-06	7.063328e-09	4.999883e-09	3.794357e+01	1.281999e+03
3.870000e-06	7.053252e-09	4.979515e-09	3.788945e+01	1.282044e+03
3.880000e-06	7.042822e-09	5.064542e-09	3.783342e+01	1.282096e+03
3.890000e-06	7.031859e-09	5.082596e-09	3.777452e+01	1.282135e+03
3.900000e-06	7.020278e-09	4.994880e-09	3.771231e+01	1.282142e+03
3.910000e-06	7.008162e-09	4.978247e-09	3.764722e+01	1.282099e+03
3.920000e-06	6.995389e-09	5.059883e-09	3.757861e+01	1.281991e+03
3.930000e-06	6.981724e-09	5.062467e-09	3.750520e+01	1.281808e+03
3.940000e-06	6.967247e-09	4.997603e-09	3.742744e+01	1.281542e+03
3.950000e-06	6.952237e-09	5.023116e-09	3.734680e+01	1.281194e+03
3.960000e-06	6.936757e-09	5.063332e-09	3.726365e+01	1.280768e+03
3.970000e-06	6.920807e-09	5.001424e-09	3.717796e+01	1.280273e+03
3.980000e-06	6.904489e-09	4.970976e-09	3.709030e+01	1.279722e+03
3.990000e-06	6.887766e-09	5.039923e-09	3.700047e+01	1.279131e+03
4.000000e-06	6.870489e-09	5.045047e-09	3.690766e+01	1.278516e+03
4.010000e-06	6.852683e-09	4.982173e-09	3.681201e+01	1.277895e+03
4.020000e-06	6.834436e-09	5.007708e-09	3.671399e+01	1.277280e+03
4.030000e-06	6.815697e-09	5.047791e-09	3.661332e+01	1.276683e+03
4.040000e-06	6.796441e-09	4.984888e-09	3.650988e+01	1.276109e+03
4.050000e-06	6.776777e-09	4.956455e-09	3.640424e+01	1.275560e+03
4.060000e-06	6.756766e-09	5.022592e-09	3.629675e+01	1.275030e+03
4.070000e-06	6.736376e-09	5.018763e-09	3.618721e+01	1.274510e+03
4.080000e-06	6.715550e-09	4.964233e-09	3.607534e+01	1.273985e+03
4.090000e-06	6.694146e-09	5.004194e-09	3.596036e+01	1.273439e+03
4.100000e-06	6.671964e-09	5.033934e-09	3.584120e+01	1.272852e+03
4.110000e-06	6.649005e-09	4.974071e-09	3.571787e+01	1.272204e+03
4.120000e-06	6.625477e-09	4.975184e-09	3.559148e+01	1.271477e+03
4.130000e-06	6.601554e-09	5.022744e-09	3.546296e+01	1.270656e+03
4.140000e-06	6.577305e-09	4.980645e-09	3.533270e+01	1.269728e+03
4.150000e-06	6.552699e-09	4.951097e-09	3.520052e+01	1.268685e+03
4.160000e-06	6.527628e-09	5.000720e-09	3.506584e+01	1.267525e+03
4.170000e-06	6.502051e-09	4.987923e-09	3.492844e+01	1.266251e+03
4.180000e-06	6.476018e-09	4.941880e-09	3.478859e+01	1.264869e+03
4.190000e-06	6.449514e-09	4.970795e-09	3.464622e+01	1.263390e+03
4.200000e-06	6.422491e-09	4.976540e-09	3.450105e+01	1.261827e+03
4.210000e-06	6.394992e-09	4.933549e-09	3.435333e+01	1.260196e+03
4.220000e-06	6.367130e-09	4.943775e-09	3.420366e+01	1.258510e+03
4.230000e-06	6.338983e-09	4.955957e-09	3.405245e+01	1.256784e+03
4.240000e-06	6.310526e-09	4.921266e-09	3.389958e+01	1.255029e+03
4.250000e-06	6.281623e-09	4.916426e-09	3.374432e+01	1.253254e+03
4.260000e-06	6.252095e-09	4.927950e-09	3.358570e+01	1.251464e+03
4.270000e-06	6.221843e-09	4.908199e-09	3.342319e+01	1.249662e+03
4.280000e-06	6.190901e-09	4.900351e-09	3.325697e+01	1.247846e+03
4.290000e-06	6.159409e-09	4.901884e-09	3.308780e+01	1.246011e+03
4.300000e-06	6.127509e-09	4.883612e-09	3.291643e+01	1.244152e+03
4.310000e-06	6.095261e-09	4.877494e-09	3.274320e+01	1.242261e+03
4.320000e-06	6.062651e-09	4.877748e-09	3.256802e+01	1.240329e+03
4.330000e-06	6.029628e-09	4.859784e-09	3.239062e+01	1.238350e+03
4.340000e-06	5.996162e-09	4.852460e-09	3.221085e+01	1.236318e+03
4.350000e-06	5.962270e-09	4.852484e-09	3.202879e+01	1.234228e+03
4.360000e-06	5.927982e-09	4.836190e-09	3.184459e+01	1.232079e+03
4.370000e-06	5.893285e-09	4.827314e-09	3.165820e+01	1.229870e+03
4.380000e-06	5.858163e-09	4.825571e-09	3.146953e+01	1.227605e+03
4.390000e-06	5.822659e-09	4.808903e-09	3.127880e+01	1.225286e+03
4.400000e-06	5.786853e-09	4.797673e-09	3.108646e+01	1.222919e+03
4.410000e-06	5.750797e-09	4.797593e-09	3.089277e+01	1.220509e+03
4.420000e-06	5.714466e-09	4.785387e-09	3.069760e+01	1.218061e+03
4.430000e-06	5.677742e-09	4.770118e-09	3.050032e+01	1.215580e+03
4.440000e-06	5.640468e-09	4.763908e-09	3.030009e+01	1.213069e+03
4.450000e-06	5.602534e-09	4.754367e-09	3.009631e+01	1.210530e+03
4.460000e-06	5.563929e-09	4.741345e-09	2.988893e+01	1.207962e+03
4.470000e-06	5.524737e-09	4.731759e-09	2.967839e+01	1.205364e+03
4.480000e-06	5.485099e-09	4.721485e-09	2.946546e+01	1.202733e+03
4.490000e-06	5.445138e-09	4.710251e-09	2.925079e+01	1.200065e+03
4.500000e-06	5.404898e-09	4.700183e-09	2.903463e+01	1.197355e+03
4.510000e-06	5.364352e-09	4.689525e-09	2.881682e+01	1.194600e+03
4.520000e-06	5.323447e-09	4.677994e-09	2.859708e+01	1.191795e+03
4.530000e-06	5.282153e-09	4.665663e-09	2.837525e+01	1.188937e+03
4.540000e-06	5.240483e-09	4.653443e-09	2.815140e+01	1.186024e+03
4.550000e-06	5.198466e-09	4.643595e-09	2.792569e+01	1.183055e+03
4.560000e-06	5.156104e-09	4.633334e-09	2.769813e+01	1.180031e+03
4.570000e-06	5.113388e-09	4.619921e-09	2.746866e+01	1.176953e+03
4.580000e-06	5.070314e-09	4.606734e-09	2.723727e+01	1.173823e+03
4.590000e-06	5.026886e-09	4.595087e-09	2.700398e+01	1.170645e+03
4.600000e-06	4.983142e-09	4.582273e-09	2.676899e+01	1.167421e+03
4.610000e-06	4.939139e-09	4.568529e-09	2.653261e+01	1.164153e+03
4.620000e-06	4.894904e-09	4.555371e-09	2.629498e+01	1.160844e+03
4.630000e-06	4.850399e-09	4.542234e-09	2.605591e+01	1.157493e+03
4.640000e-06	4.805560e-09	4.528835e-09	2.581503e+01	1.154101e+03
4.650000e-06	4.760328e-09	4.515326e-09	2.557205e+01	1.150667e+03
4.660000e-06	4.714700e-09	4.501099e-09	2.532694e+01	1.147187e+03
4.670000e-06	4.668707e-09	4.486231e-09	2.507987e+01	1.143660e+03
4.680000e-06	4.622387e-09	4.471688e-09	2.483104e+01	1.140081e+03
4.690000e-06	4.575764e-09	4.457694e-09	2.458059e+01	1.136447e+03
4.700000e-06	4.528856e-09	4.443727e-09	2.432860e+01	1.132754e+03
4.710000e-06	4.481664e-09	4.428855e-09	2.407509e+01	1.128999e+03
4.720000e-06	4.434159e-09	4.413086e-09	2.381990e+01	1.125180e+03
4.730000e-06	4.386294e-09	4.397240e-09	2.356277e+01	1.121295e+03
4.740000e-06	4.338033e-09	4.381592e-09	2.330352e+01	1.117343e+03
4.750000e-06	4.289361e-09	4.365535e-09	2.304206e+01	1.113324e+03
4.760000e-06	4.240283e-09	4.349020e-09	2.277842e+01	1.109238e+03
4.770000e-06	4.190834e-09	4.332819e-09	2.251278e+01	1.105085e+03
4.780000e-06	4.141059e-09	4.317037e-09	2.224539e+01	1.100867e+03
4.790000e-06	4.090980e-09	4.300917e-09	2.197638e+01	1.096583e+03
4.800000e-06	4.040611e-09	4.283712e-09	2.170580e+01	1.092233e+03
4.810000e-06	3.989953e-09	4.265372e-09	2.143367e+01	1.087816e+03
4.820000e-06	3.938998e-09	4.246852e-09	2.115994e+01	1.083331e+03
4.830000e-06	3.887751e-09	4.228795e-09	2.088465e+01	1.078774e+03
4.840000e-06	3.836214e-09	4.211008e-09	2.060779e+01	1.074144e+03
4.850000e-06	3.784389e-09	4.192879e-09	2.032939e+01	1.069437e+03
4.860000e-06	3.732290e-09	4.174011e-09	2.004952e+01	1.064648e+03
4.870000e-06	3.679918e-09	4.154657e-09	1.976819e+01	1.059775e+03
4.880000e-06	3.627251e-09	4.135228e-09	1.948527e+01	1.054814e+03
4.890000e-06	3.574249e-09	4.115539e-09	1.920054e+01	1.049763e+03
4.900000e-06	3.520870e-09	4.094843e-09	1.891380e+01	1.044621e+03
4.910000e-06	3.467092e-09	4.073791e-09	1.862491e+01	1.039386e+03
4.920000e-06	3.412914e-09	4.053279e-09	1.833387e+01	1.034059e+03
4.930000e-06	3.358349e-09	4.032673e-09	1.804075e+01	1.028641e+03
4.940000e-06	3.303421e-09	4.011461e-09	1.774569e+01	1.023134e+03
4.950000e-06	3.248179e-09	3.989677e-09	1.744893e+01	1.017539e+03
4.960000e-06	3.192677e-09	3.967304e-09	1.715078e+01	1.011858e+03
4.970000e-06	3.136962e-09	3.944652e-09	1.685148e+01	1.006092e+03
4.980000e-06	3.081067e-09	3.922042e-09	1.655122e+01	1.000242e+03
4.990000e-06	3.025011e-09	3.899398e-09	1.625009e+01	9.943077e+02
5.000000e-06	2.968797e-09	3.876433e-09	1.594811e+01	9.882871e+02
5.010000e-06	2.912425e-09	3.852913e-09	1.564528e+01	9.821774e+02
5.020000e-06	2.855890e-09	3.828749e-09	1.534158e+01	9.759743e+02
5.030000e-06	2.799183e-09	3.803984e-09	1.503696e+01	9.696724e+02
5.040000e-06	2.742297e-09	3.778482e-09	1.473137e+01	9.632652e+02
5.050000e-06	2.685230e-09	3.752128e-09	1.442481e+01	9.567456e+02
5.060000e-06	2.627980e-09	3.725466e-09	1.411727e+01	9.501060e+02
5.070000e-06	2.570545e-09	3.699141e-09	1.380873e+01	9.433389e+02
5.080000e-06	2.512927e-09	3.672769e-09	1.349922e+01	9.364368e+02
5.090000e-06	2.455132e-09	3.645572e-09	1.318875e+01	9.293926e+02
5.100000e-06	2.397166e-09	3.617427e-09	1.287736e+01	9.222002e+02
5.110000e-06	2.339027e-09	3.588593e-09	1.256504e+01	9.148541e+02
5.120000e-06	2.280713e-09	3.559093e-09	1.225178e+01	9.073495e+02
5.130000e-06	2.222227e-09	3.528822e-09	1.193760e+01	8.996827e+02
5.140000e-06	2.163561e-09	3.497855e-09	1.162245e+01	8.918503e+02
5.150000e-06	2.104718e-09	3.466426e-09	1.130635e+01	8.838497e+02
5.160000e-06	2.045711e-09	3.434256e-09	1.098937e+01	8.756786e+02
5.170000e-06	1.986553e-09	3.401256e-09	1.067158e+01	8.673348e+02
5.180000e-06	1.927265e-09	3.367525e-09	1.035309e+01	8.588159e+02
5.190000e-06	1.867858e-09	3.332598e-09	1.003396e+01	8.501197e+02
5.200000e-06	1.808342e-09	3.296781e-09	9.714248e+00	8.412433e+02
5.210000e-06	1.748725e-09	3.261001e-09	9.393990e+00	8.321835e+02
5.220000e-06	1.689009e-09	3.225041e-09	9.073198e+00	8.229369e+02
5.230000e-06	1.629201e-09	3.188265e-09	8.751917e+00	8.134994e+02
5.240000e-06	1.569313e-09	3.150658e-09	8.430198e+00	8.038664e+02
5.250000e-06	1.509347e-09	3.111894e-09	8.108069e+00	7.940330e+02
5.260000e-06	1.449313e-09	3.072046e-09	7.785569e+00	7.839938e+02
5.270000e-06	1.389211e-09	3.031727e-09	7.462705e+00	7.737428e+02
5.280000e-06	1.329042e-09	2.990742e-09	7.139480e+00	7.632737e+02
5.290000e-06	1.268809e-09	2.948719e-09	6.815914e+00	7.525792e+02
5.300000e-06	1.208513e-09	2.905786e-09	6.492006e+00	7.416517e+02
5.310000e-06	1.148156e-09	2.862319e-09	6.167773e+00	7.304825e+02
5.320000e-06	1.087744e-09	2.818291e-09	5.843248e+00	7.190619e+02
5.330000e-06	1.027281e-09	2.772706e-09	5.518444e+00	7.073795e+02
5.340000e-06	9.667687e-10	2.725263e-09	5.193377e+00	6.954236e+02
5.350000e-06	9.062100e-10	2.676773e-09	4.868061e+00	6.831814e+02
5.360000e-06	8.455964e-10	2.627627e-09	4.542450e+00	6.706392e+02
5.370000e-06	7.849189e-10	2.577663e-09	4.216496e+00	6.577825e+02
5.380000e-06	7.241786e-10	2.526508e-09	3.890205e+00	6.445960e+02
5.390000e-06	6.633724e-10	2.473835e-09	3.563560e+00	6.310643e+02
5.400000e-06	6.024999e-10	2.419376e-09	3.236559e+00	6.171717e+02
5.410000e-06	5.415667e-10	2.363249e-09	2.909232e+00	6.029030e+02
5.420000e-06	4.805860e-10	2.305682e-09	2.581650e+00	5.882438e+02
5.430000e-06	4.195620e-10	2.246397e-09	2.253835e+00	5.731807e+02
5.440000e-06	3.584958e-10	2.185728e-09	1.925794e+00	5.577017e+02
5.450000e-06	2.974050e-10	2.124250e-09	1.597620e+00	5.417969e+02
5.460000e-06	2.363031e-10	2.061600e-09	1.269387e+00	5.254582e+02
5.470000e-06	1.752000e-10	1.996830e-09	9.411482e-01	5.086799e+02
5.480000e-06	1.141013e-10	1.929408e-09	6.129322e-01	4.914584e+02
5.490000e-06	5.300113e-11	1.859551e-09	2.847089e-01	4.737928e+02
5.500000e-06	-8.103817e-12	1.787850e-09	-4.354025e-02	4.556848e+02
5.510000e-06	-6.921063e-11	1.714868e-09	-3.717994e-01	4.371383e+02
5.520000e-06	-1.303163e-10	1.640756e-09	-7.000524e-01	4.181597e+02
5.530000e-06	-1.914203e-10	1.565456e-09	-1.028297e+00	3.987580e+02
5.540000e-06	-2.525199e-10	1.488703e-09	-1.356517e+00	3.789441e+02
5.550000e-06	-3.136080e-10	1.410196e-09	-1.684676e+00	3.587314e+02
5.560000e-06	-3.746698e-10	1.329834e-09	-2.012693e+00	3.381355e+02
5.570000e-06	-4.356968e-10	1.247439e-09	-2.340524e+00	3.171736e+02
5.580000e-06	-4.966805e-10	1.163242e-09	-2.668122e+00	2.958653e+02
5.590000e-06	-5.576002e-10	1.078039e-09	-2.995377e+00	2.742316e+02
5.600000e-06	-6.184565e-10	9.923991e-10	-3.322291e+00	2.522949e+02
5.610000e-06	-6.792502e-10	9.063982e-10	-3.648868e+00	2.300791e+02
5.620000e-06	-7.399753e-10	8.195573e-10	-3.975078e+00	2.076089e+02
5.630000e-06	-8.006330e-10	7.312550e-10	-4.300925e+00	1.849095e+02
5.640000e-06	-8.612295e-10	6.415733e-10	-4.626444e+00	1.620060e+02
5.650000e-06	-9.217714e-10	5.509337e-10	-4.951670e+00	1.389236e+02
5.660000e-06	-9.822570e-10	4.594883e-10	-5.276594e+00	1.156864e+02
5.670000e-06	-1.042689e-09	3.676063e-10	-5.601229e+00	9.231742e+01
5.680000e-06	-1.103070e-09	2.756544e-10	-5.925592e+00	6.883835e+01
5.690000e-06	-1.163395e-09	1.835915e-10	-6.249653e+00	4.526916e+01
5.700000e-06	-1.223662e-09	9.129495e-11	-6.573405e+00	2.162808e+01
5.710000e-06	-1.283871e-09	-1.224374e-12	-6.896842e+00	-2.068297e+00
5.720000e-06	-1.344014e-09	-9.389441e-11	-7.219927e+00	-2.580483e+01
5.730000e-06	-1.404091e-09	-1.869322e-10	-7.542657e+00	-4.956744e+01
5.740000e-06	-1.464103e-09	-2.803469e-10	-7.865033e+00	-7.334263e+01
5.750000e-06	-1.524040e-09	-3.737655e-10	-8.187013e+00	-9.711689e+01
5.760000e-06	-1.583899e-09	-4.669864e-10	-8.508570e+00	-1.208762e+02
5.770000e-06	-1.643679e-09	-5.601929e-10	-8.829704e+00	-1.446051e+02
5.780000e-06	-1.703372e-09	-6.532406e-10	-9.150369e+00	-1.682868e+02
5.790000e-06	-1.762969e-09	-7.456072e-10	-9.470520e+00	-1.919020e+02
5.800000e-06	-1.822466e-09	-8.374600e-10	-9.790134e+00	-2.154293e+02
5.810000e-06	-1.881851e-09	-9.289052e-10	-1.010915e+01	-2.388450e+02
5.820000e-06	-1.941108e-09	-1.019801e-09	-1.042747e+01	-2.621230e+02
5.830000e-06	-2.000222e-09	-1.110535e-09	-1.074502e+01	-2.852358e+02
5.840000e-06	-2.059181e-09	-1.201188e-09	-1.106175e+01	-3.081547e+02
5.850000e-06	-2.117981e-09	-1.291044e-09	-1.137761e+01	-3.308507e+02
5.860000e-06	-2.176619e-09	-1.379700e-09	-1.169261e+01	-3.532957e+02
5.870000e-06	-2.235092e-09	-1.467026e-09	-1.200672e+01	-3.754631e+02
5.880000e-06	-2.293395e-09	-1.552603e-09	-1.231992e+01	-3.973287e+02
5.890000e-06	-2.351521e-09	-1.636479e-09	-1.263217e+01	-4.188720e+02
5.900000e-06	-2.409464e-09	-1.719198e-09	-1.294344e+01	-4.400762e+02
5.910000e-06	-2.467219e-09	-1.801060e-09	-1.325369e+01	-4.609291e+02
5.920000e-06	-2.524779e-09	-1.881976e-09	-1.356290e+01	-4.814230e+02
5.930000e-06	-2.582149e-09	-1.961636e-09	-1.387109e+01	-5.015547e+02
5.940000e-06	-2.639323e-09	-2.039712e-09	-1.417822e+01	-5.213248e+02
5.950000e-06	-2.696293e-09	-2.116288e-09	-1.448426e+01	-5.407376e+02
5.960000e-06	-2.753073e-09	-2.191555e-09	-1.478927e+01	-5.597998e+02
5.970000e-06	-2.809674e-09	-2.265164e-09	-1.509333e+01	-5.785198e+02
5.980000e-06	-2.866106e-09	-2.337001e-09	-1.539647e+01	-5.969066e+02
5.990000e-06	-2.922387e-09	-2.407892e-09	-1.569881e+01	-6.149688e+02
6.000000e-06	-2.978530e-09	-2.478266e-09	-1.600041e+01	-6.327141e+02
6.010000e-06	-3.034540e-09	-2.547525e-09	-1.630129e+01	-6.501478e+02
6.020000e-06	-3.090400e-09	-2.615081e-09	-1.660137e+01	-6.672733e+02
6.030000e-06	-3.146077e-09	-2.680772e-09	-1.690046e+01	-6.840912e+02
6.040000e-06	-3.201527e-09	-2.744928e-09	-1.719833e+01	-7.005993e+02
6.050000e-06	-3.256699e-09	-2.808410e-09	-1.749471e+01	-7.167931e+02
6.060000e-06	-3.311545e-09	-2.871195e-09	-1.778934e+01	-7.326662e+02
6.070000e-06	-3.366029e-09	-2.932449e-09	-1.808202e+01	-7.482107e+02
6.080000e-06	-3.420126e-09	-2.992054e-09	-1.837262e+01	-7.634179e+02
6.090000e-06	-3.473820e-09	-3.050408e-09	-1.866106e+01	-7.782789e+02
6.100000e-06	-3.527120e-09	-3.107819e-09	-1.894738e+01	-7.927854e+02
6.110000e-06	-3.580053e-09	-3.164124e-09	-1.923173e+01	-8.069305e+02
6.120000e-06	-3.632658e-09	-3.218691e-09	-1.951432e+01	-8.207083e+02
6.130000e-06	-3.684976e-09	-3.271410e-09	-1.979537e+01	-8.341153e+02
6.140000e-06	-3.737029e-09	-3.322816e-09	-2.007500e+01	-8.471494e+02
6.150000e-06	-3.788819e-09	-3.373191e-09	-2.035321e+01	-8.598109e+02
6.160000e-06	-3.840335e-09	-3.422180e-09	-2.062995e+01	-8.721015e+02
6.170000e-06	-3.891562e-09	-3.469125e-09	-2.090513e+01	-8.840249e+02
6.180000e-06	-3.942492e-09	-3.514110e-09	-2.117872e+01	-8.955857e+02
6.190000e-06	-3.993128e-09	-3.557922e-09	-2.145073e+01	-9.067897e+02
6.200000e-06	-4.043478e-09	-3.600931e-09	-2.172121e+01	-9.176432e+02
6.210000e-06	-4.093533e-09	-3.642837e-09	-2.199011e+01	-9.281531e+02
6.220000e-06	-4.143259e-09	-3.683278e-09	-2.225723e+01	-9.383267e+02
6.230000e-06	-4.192601e-09	-3.722192e-09	-2.252228e+01	-9.481716e+02
6.240000e-06	-4.241498e-09	-3.759632e-09	-2.278495e+01	-9.576957e+02
6.250000e-06	-4.289925e-09	-3.795847e-09	-2.304510e+01	-9.669072e+02
6.260000e-06	-4.337885e-09	-3.830936e-09	-2.330273e+01	-9.758152e+02
6.270000e-06	-4.385426e-09	-3.864687e-09	-2.355812e+01	-9.844290e+02
6.280000e-06	-4.432621e-09	-3.897409e-09	-2.381164e+01	-9.927590e+02
6.290000e-06	-4.479524e-09	-3.929446e-09	-2.406361e+01	-1.000816e+03
6.300000e-06	-4.526182e-09	-3.960566e-09	-2.431425e+01	-1.008613e+03
6.310000e-06	-4.572608e-09	-3.990596e-09	-2.456365e+01	-1.016161e+03
6.320000e-06	-4.618781e-09	-4.019600e-09	-2.481168e+01	-1.023475e+03
6.330000e-06	-4.664656e-09	-4.047675e-09	-2.505812e+01	-1.030566e+03
6.340000e-06	-4.710192e-09	-4.074880e-09	-2.530273e+01	-1.037449e+03
6.350000e-06	-4.755356e-09	-4.101189e-09	-2.554535e+01	-1.044135e+03
6.360000e-06	-4.800162e-09	-4.126368e-09	-2.578604e+01	-1.050636e+03
6.370000e-06	-4.844661e-09	-4.150529e-09	-2.602509e+01	-1.056964e+03
6.380000e-06	-4.888914e-09	-4.174227e-09	-2.626282e+01	-1.063126e+03
6.390000e-06	-4.932964e-09	-4.197469e-09	-2.649945e+01	-1.069130e+03
6.400000e-06	-4.976800e-09	-4.220193e-09	-2.673493e+01	-1.074983e+03
6.410000e-06	-5.020360e-09	-4.242669e-09	-2.696893e+01	-1.080687e+03
6.420000e-06	-5.063575e-09	-4.264541e-09	-2.720108e+01	-1.086247e+03
6.430000e-06	-5.106417e-09	-4.285340e-09	-2.743122e+01	-1.091664e+03
6.440000e-06	-5.148901e-09	-4.305513e-09	-2.765944e+01	-1.096940e+03
6.450000e-06	-5.191049e-09	-4.325558e-09	-2.788586e+01	-1.102075e+03
6.460000e-06	-5.232862e-09	-4.345206e-09	-2.811047e+01	-1.107071e+03
6.470000e-06	-5.274307e-09	-4.364522e-09	-2.833311e+01	-1.111930e+03
6.480000e-06	-5.315352e-09	-4.383884e-09	-2.855361e+01	-1.116653e+03
6.490000e-06	-5.356019e-09	-4.402550e-09	-2.877207e+01	-1.121244e+03
6.500000e-06	-5.396376e-09	-4.420212e-09	-2.898886e+01	-1.125706e+03
6.510000e-06	-5.436484e-09	-4.437451e-09	-2.920432e+01	-1.130044e+03
6.520000e-06	-5.476342e-09	-4.454134e-09	-2.941843e+01	-1.134263e+03
6.530000e-06	-5.515879e-09	-4.470206e-09	-2.963082e+01	-1.138368e+03
6.540000e-06	-5.554969e-09	-4.486200e-09	-2.984081e+01	-1.142365e+03
6.550000e-06	-5.593480e-09	-4.502051e-09	-3.004768e+01	-1.146258e+03
6.560000e-06	-5.631328e-09	-4.517446e-09	-3.025100e+01	-1.150054e+03
6.570000e-06	-5.668536e-09	-4.532590e-09	-3.045088e+01	-1.153756e+03
6.580000e-06	-5.705221e-09	-4.547299e-09	-3.064794e+01	-1.157368e+03
6.590000e-06	-5.741530e-09	-4.561327e-09	-3.084299e+01	-1.160892e+03
6.600000e-06	-5.777569e-09	-4.575038e-09	-3.103660e+01	-1.164332e+03
6.610000e-06	-5.813341e-09	-4.588512e-09	-3.122876e+01	-1.167688e+03
6.620000e-06	-5.848770e-09	-4.601239e-09	-3.141908e+01	-1.170963e+03
6.630000e-06	-5.883783e-09	-4.613464e-09	-3.160717e+01	-1.174158e+03
6.640000e-06	-5.918354e-09	-4.625847e-09	-3.179288e+01	-1.177275e+03
6.650000e-06	-5.952499e-09	-4.638079e-09	-3.197630e+01	-1.180316e+03
6.660000e-06	-5.986216e-09	-4.649794e-09	-3.215743e+01	-1.183285e+03
6.670000e-06	-6.019480e-09	-4.661139e-09	-3.233612e+01	-1.186185e+03
6.680000e-06	-6.052304e-09	-4.672120e-09	-3.251244e+01	-1.189020e+03
6.690000e-06	-6.084744e-09	-4.682934e-09	-3.268671e+01	-1.191794e+03
6.700000e-06	-6.116867e-09	-4.693798e-09	-3.285927e+01	-1.194512e+03
6.710000e-06	-6.148661e-09	-4.704220e-09	-3.303007e+01	-1.197179e+03
6.720000e-06	-6.180011e-09	-4.714149e-09	-3.319848e+01	-1.199799e+03
6.730000e-06	-6.210770e-09	-4.724184e-09	-3.336371e+01	-1.202375e+03
6.740000e-06	-6.240838e-09	-4.734220e-09	-3.352524e+01	-1.204910e+03
6.750000e-06	-6.270209e-09	-4.743798e-09	-3.368301e+01	-1.207405e+03
6.760000e-06	-6.298994e-09	-4.753021e-09	-3.383764e+01	-1.209862e+03
6.770000e-06	-6.327367e-09	-4.762097e-09	-3.399006e+01	-1.212280e+03
6.780000e-06	-6.355442e-09	-4.771074e-09	-3.414087e+01	-1.214657e+03
6.790000e-06	-6.383208e-09	-4.779982e-09	-3.429003e+01	-1.216991e+03
6.800000e-06	-6.410570e-09	-4.788604e-09	-3.443702e+01	-1.219281e+03
6.810000e-06	-6.437451e-09	-4.797005e-09	-3.458142e+01	-1.221523e+03
6.820000e-06	-6.463854e-09	-4.805661e-09	-3.472325e+01	-1.223717e+03
6.830000e-06	-6.489783e-09	-4.814356e-09	-3.486254e+01	-1.225861e+03
6.840000e-06	-6.515211e-09	-4.822424e-09	-3.499914e+01	-1.227955e+03
6.850000e-06	-6.540143e-09	-4.830028e-09	-3.513307e+01	-1.229999e+03
6.860000e-06	-6.564659e-09	-4.837584e-09	-3.526477e+01	-1.231996e+03
6.870000e-06	-6.588865e-09	-4.845018e-09	-3.539480e+01	-1.233947e+03
6.880000e-06	-6.612790e-09	-4.852378e-09	-3.552333e+01	-1.235857e+03
6.890000e-06	-6.636339e-09	-4.859783e-09	-3.564983e+01	-1.237727e+03
6.900000e-06	-6.659326e-09	-4.867006e-09	-3.577331e+01	-1.239562e+03
6.910000e-06	-6.681591e-09	-4.873927e-09	-3.589292e+01	-1.241365e+03
6.920000e-06	-6.703093e-09	-4.880721e-09	-3.600843e+01	-1.243138e+03
6.930000e-06	-6.723939e-09	-4.887361e-09	-3.612041e+01	-1.244881e+03
6.940000e-06	-6.744322e-09	-4.893772e-09	-3.622990e+01	-1.246595e+03
6.950000e-06	-6.764380e-09	-4.900102e-09	-3.633765e+01	-1.248279e+03
6.960000e-06	-6.784099e-09	-4.906510e-09	-3.644358e+01	-1.249930e+03
6.970000e-06	-6.803377e-09	-4.912751e-09	-3.654714e+01	-1.251545e+03
6.980000e-06	-6.822156e-09	-4.918525e-09	-3.664802e+01	-1.253122e+03
6.990000e-06	-6.840475e-09	-4.924127e-09	-3.674643e+01	-1.254656e+03
7.000000e-06	-6.858362e-09	-4.929772e-09	-3.684252e+01	-1.256145e+03
7.010000e-06	-6.875774e-09	-4.935062e-09	-3.693606e+01	-1.257587e+03
7.020000e-06	-6.892692e-09	-4.940058e-09	-3.702693e+01	-1.258980e+03
7.030000e-06	-6.909183e-09	-4.945313e-09	-3.711553e+01	-1.260324e+03
7.040000e-06	-6.925342e-09	-4.950484e-09	-3.720233e+01	-1.261621e+03
7.050000e-06	-6.941142e-09	-4.955256e-09	-3.728721e+01	-1.262873e+03
7.060000e-06	-6.956387e-09	-4.960355e-09	-3.736910e+01	-1.264083e+03
7.070000e-06	-6.970857e-09	-4.965402e-09	-3.744683e+01	-1.265254e+03
7.080000e-06	-6.984489e-09	-4.969488e-09	-3.752006e+01	-1.266391e+03
7.090000e-06	-6.997400e-09	-4.973242e-09	-3.758942e+01	-1.267497e+03
7.100000e-06	-7.009759e-09	-4.977414e-09	-3.765581e+01	-1.268574e+03
7.110000e-06	-7.021643e-09	-4.981841e-09	-3.771965e+01	-1.269624e+03
7.120000e-06	-7.033025e-09	-4.986344e-09	-3.778079e+01	-1.270647e+03
7.130000e-06	-7.043878e-09	-4.990739e-09	-3.783910e+01	-1.271641e+03
7.140000e-06	-7.054238e-09	-4.994442e-09	-3.789475e+01	-1.272604e+03
7.150000e-06	-7.064139e-09	-4.997535e-09	-3.794793e+01	-1.273532e+03
7.160000e-06	-7.073548e-09	-5.000407e-09	-3.799848e+01	-1.274420e+03
7.170000e-06	-7.082443e-09	-5.003181e-09	-3.804626e+01	-1.275263e+03
7.180000e-06	-7.090904e-09	-5.006208e-09	-3.809171e+01	-1.276059e+03
7.190000e-06	-7.099034e-09	-5.009719e-09	-3.813539e+01	-1.276803e+03
7.200000e-06	-7.106814e-09	-5.013600e-09	-3.817718e+01	-1.277494e+03
7.210000e-06	-7.114085e-09	-5.017449e-09	-3.821624e+01	-1.278131e+03
7.220000e-06	-7.120644e-09	-5.020680e-09	-3.825147e+01	-1.278717e+03
7.230000e-06	-7.126396e-09	-5.022822e-09	-3.828237e+01	-1.279256e+03
7.240000e-06	-7.131418e-09	-5.024104e-09	-3.830935e+01	-1.279751e+03
7.250000e-06	-7.135906e-09	-5.025278e-09	-3.833346e+01	-1.280210e+03
7.260000e-06	-7.140031e-09	-5.026680e-09	-3.835562e+01	-1.280638e+03
7.270000e-06	-7.143810e-09	-5.028380e-09	-3.837592e+01	-1.281041e+03
7.280000e-06	-7.147144e-09	-5.030588e-09	-3.839383e+01	-1.281425e+03
7.290000e-06	-7.149968e-09	-5.033123e-09	-3.840900e+01	-1.281792e+03
7.300000e-06	-7.152326e-09	-5.035413e-09	-3.842167e+01	-1.282144e+03
7.310000e-06	-7.154273e-09	-5.037373e-09	-3.843213e+01	-1.282480e+03
7.320000e-06	-7.155659e-09	-5.038676e-09	-3.843957e+01	-1.282794e+03
7.330000e-06	-7.156472e-09	-5.038636e-09	-3.844394e+01	-1.283082e+03
