# Temperatura_=_-0.672000000000001
# Concentracion g/m^3_=_19900.0
# C_Vs_to_Am_M_A/Vsm_=_254322799225.57578
# pendiente_HvsI_1/m_=_3716.3
# ordenada_HvsI_A/m_=_1297.0
# frecuencia_Hz_=_136622.94304158082
# Promedio de 275 ciclos

Tiempo_(s)	Campo_(V.s)	Magnetizacion_(V.s)	Campo_(kA/m)	Magnetizacion_(A/m)
0.000000e+00	-1.082649e-08	-4.996034e-09	-5.704956e+01	-1.269542e+03
1.000000e-08	-1.082643e-08	-4.996184e-09	-5.704923e+01	-1.269642e+03
2.000000e-08	-1.082570e-08	-4.996639e-09	-5.704540e+01	-1.269802e+03
3.000000e-08	-1.082398e-08	-4.997345e-09	-5.703633e+01	-1.270011e+03
4.000000e-08	-1.082121e-08	-4.998005e-09	-5.702174e+01	-1.270248e+03
5.000000e-08	-1.081765e-08	-4.998254e-09	-5.700295e+01	-1.270483e+03
6.000000e-08	-1.081352e-08	-4.998089e-09	-5.698123e+01	-1.270682e+03
7.000000e-08	-1.080880e-08	-4.997701e-09	-5.695636e+01	-1.270806e+03
8.000000e-08	-1.080335e-08	-4.997128e-09	-5.692763e+01	-1.270822e+03
9.000000e-08	-1.079707e-08	-4.996092e-09	-5.689450e+01	-1.270701e+03
1.000000e-07	-1.078976e-08	-4.993374e-09	-5.685600e+01	-1.270425e+03
1.100000e-07	-1.078114e-08	-4.989295e-09	-5.681061e+01	-1.269989e+03
1.200000e-07	-1.077104e-08	-4.989077e-09	-5.675737e+01	-1.269402e+03
1.300000e-07	-1.075996e-08	-4.993676e-09	-5.669898e+01	-1.268689e+03
1.400000e-07	-1.074861e-08	-4.998267e-09	-5.663919e+01	-1.267889e+03
1.500000e-07	-1.073681e-08	-4.993796e-09	-5.657700e+01	-1.267051e+03
1.600000e-07	-1.072401e-08	-4.984375e-09	-5.650953e+01	-1.266235e+03
1.700000e-07	-1.071040e-08	-4.981638e-09	-5.643785e+01	-1.265500e+03
1.800000e-07	-1.069627e-08	-4.968541e-09	-5.636338e+01	-1.264903e+03
1.900000e-07	-1.068104e-08	-4.952982e-09	-5.628312e+01	-1.264492e+03
2.000000e-07	-1.066459e-08	-4.959723e-09	-5.619641e+01	-1.264305e+03
2.100000e-07	-1.064756e-08	-4.982774e-09	-5.610668e+01	-1.264358e+03
2.200000e-07	-1.063002e-08	-4.999329e-09	-5.601425e+01	-1.264649e+03
2.300000e-07	-1.061157e-08	-4.985930e-09	-5.591707e+01	-1.265157e+03
2.400000e-07	-1.059234e-08	-4.968860e-09	-5.581570e+01	-1.265838e+03
2.500000e-07	-1.057258e-08	-4.952585e-09	-5.571160e+01	-1.266631e+03
2.600000e-07	-1.055212e-08	-4.930015e-09	-5.560377e+01	-1.267466e+03
2.700000e-07	-1.053087e-08	-4.927666e-09	-5.549178e+01	-1.268260e+03
2.800000e-07	-1.050896e-08	-4.942889e-09	-5.537635e+01	-1.268935e+03
2.900000e-07	-1.048626e-08	-4.951770e-09	-5.525671e+01	-1.269414e+03
3.000000e-07	-1.046275e-08	-4.963682e-09	-5.513286e+01	-1.269636e+03
3.100000e-07	-1.043874e-08	-4.993894e-09	-5.500631e+01	-1.269553e+03
3.200000e-07	-1.041405e-08	-5.011225e-09	-5.487622e+01	-1.269140e+03
3.300000e-07	-1.038832e-08	-5.003512e-09	-5.474064e+01	-1.268397e+03
3.400000e-07	-1.036159e-08	-4.995363e-09	-5.459978e+01	-1.267343e+03
3.500000e-07	-1.033408e-08	-4.980716e-09	-5.445483e+01	-1.266022e+03
3.600000e-07	-1.030594e-08	-4.948318e-09	-5.430657e+01	-1.264491e+03
3.700000e-07	-1.027725e-08	-4.929627e-09	-5.415534e+01	-1.262824e+03
3.800000e-07	-1.024784e-08	-4.924595e-09	-5.400039e+01	-1.261098e+03
3.900000e-07	-1.021757e-08	-4.910288e-09	-5.384090e+01	-1.259389e+03
4.000000e-07	-1.018654e-08	-4.908779e-09	-5.367739e+01	-1.257769e+03
4.100000e-07	-1.015490e-08	-4.924326e-09	-5.351064e+01	-1.256294e+03
4.200000e-07	-1.012264e-08	-4.923554e-09	-5.334066e+01	-1.255005e+03
4.300000e-07	-1.008967e-08	-4.924322e-09	-5.316691e+01	-1.253922e+03
4.400000e-07	-1.005575e-08	-4.940494e-09	-5.298819e+01	-1.253044e+03
4.500000e-07	-1.002083e-08	-4.935783e-09	-5.280417e+01	-1.252350e+03
4.600000e-07	-9.985144e-09	-4.922567e-09	-5.261614e+01	-1.251801e+03
4.700000e-07	-9.948880e-09	-4.927165e-09	-5.242504e+01	-1.251346e+03
4.800000e-07	-9.911985e-09	-4.923537e-09	-5.223063e+01	-1.250923e+03
4.900000e-07	-9.874390e-09	-4.910998e-09	-5.203252e+01	-1.250471e+03
5.000000e-07	-9.836070e-09	-4.911236e-09	-5.183060e+01	-1.249929e+03
5.100000e-07	-9.797052e-09	-4.910519e-09	-5.162499e+01	-1.249244e+03
5.200000e-07	-9.757441e-09	-4.901822e-09	-5.141627e+01	-1.248379e+03
5.300000e-07	-9.717254e-09	-4.898413e-09	-5.120450e+01	-1.247307e+03
5.400000e-07	-9.676302e-09	-4.894093e-09	-5.098871e+01	-1.246022e+03
5.500000e-07	-9.634380e-09	-4.883144e-09	-5.076781e+01	-1.244533e+03
5.600000e-07	-9.591493e-09	-4.877030e-09	-5.054182e+01	-1.242861e+03
5.700000e-07	-9.547800e-09	-4.874338e-09	-5.031158e+01	-1.241043e+03
5.800000e-07	-9.503468e-09	-4.867902e-09	-5.007798e+01	-1.239119e+03
5.900000e-07	-9.458566e-09	-4.862128e-09	-4.984137e+01	-1.237135e+03
6.000000e-07	-9.413062e-09	-4.857640e-09	-4.960159e+01	-1.235134e+03
6.100000e-07	-9.366896e-09	-4.850536e-09	-4.935832e+01	-1.233153e+03
6.200000e-07	-9.320074e-09	-4.843182e-09	-4.911159e+01	-1.231221e+03
6.300000e-07	-9.272613e-09	-4.836190e-09	-4.886150e+01	-1.229356e+03
6.400000e-07	-9.224480e-09	-4.828248e-09	-4.860786e+01	-1.227564e+03
6.500000e-07	-9.175563e-09	-4.820920e-09	-4.835010e+01	-1.225837e+03
6.600000e-07	-9.125722e-09	-4.814831e-09	-4.808748e+01	-1.224158e+03
6.700000e-07	-9.074910e-09	-4.808508e-09	-4.781973e+01	-1.222504e+03
6.800000e-07	-9.023206e-09	-4.802055e-09	-4.754727e+01	-1.220844e+03
6.900000e-07	-8.970717e-09	-4.794549e-09	-4.727069e+01	-1.219147e+03
7.000000e-07	-8.917527e-09	-4.785974e-09	-4.699041e+01	-1.217385e+03
7.100000e-07	-8.863680e-09	-4.778031e-09	-4.670667e+01	-1.215533e+03
7.200000e-07	-8.809215e-09	-4.770165e-09	-4.641966e+01	-1.213574e+03
7.300000e-07	-8.754221e-09	-4.761620e-09	-4.612988e+01	-1.211500e+03
7.400000e-07	-8.698752e-09	-4.753530e-09	-4.583758e+01	-1.209312e+03
7.500000e-07	-8.642763e-09	-4.745405e-09	-4.554255e+01	-1.207019e+03
7.600000e-07	-8.586188e-09	-4.736674e-09	-4.524443e+01	-1.204636e+03
7.700000e-07	-8.528918e-09	-4.728396e-09	-4.494265e+01	-1.202185e+03
7.800000e-07	-8.470848e-09	-4.720114e-09	-4.463666e+01	-1.199689e+03
7.900000e-07	-8.412004e-09	-4.710819e-09	-4.432659e+01	-1.197169e+03
8.000000e-07	-8.352480e-09	-4.701270e-09	-4.401293e+01	-1.194646e+03
8.100000e-07	-8.292353e-09	-4.691940e-09	-4.369609e+01	-1.192134e+03
8.200000e-07	-8.231661e-09	-4.682461e-09	-4.337628e+01	-1.189641e+03
8.300000e-07	-8.170399e-09	-4.672791e-09	-4.305346e+01	-1.187168e+03
8.400000e-07	-8.108542e-09	-4.662623e-09	-4.272751e+01	-1.184710e+03
8.500000e-07	-8.046122e-09	-4.652144e-09	-4.239859e+01	-1.182254e+03
8.600000e-07	-7.983203e-09	-4.642108e-09	-4.206704e+01	-1.179786e+03
8.700000e-07	-7.919804e-09	-4.632306e-09	-4.173296e+01	-1.177288e+03
8.800000e-07	-7.855929e-09	-4.621624e-09	-4.139638e+01	-1.174740e+03
8.900000e-07	-7.791558e-09	-4.610277e-09	-4.105718e+01	-1.172126e+03
9.000000e-07	-7.726608e-09	-4.599022e-09	-4.071493e+01	-1.169433e+03
9.100000e-07	-7.660986e-09	-4.588432e-09	-4.036914e+01	-1.166653e+03
9.200000e-07	-7.594675e-09	-4.578250e-09	-4.001972e+01	-1.163783e+03
9.300000e-07	-7.527736e-09	-4.567321e-09	-3.966699e+01	-1.160827e+03
9.400000e-07	-7.460225e-09	-4.555571e-09	-3.931124e+01	-1.157790e+03
9.500000e-07	-7.392185e-09	-4.543629e-09	-3.895271e+01	-1.154686e+03
9.600000e-07	-7.323656e-09	-4.531945e-09	-3.859160e+01	-1.151527e+03
9.700000e-07	-7.254654e-09	-4.520834e-09	-3.822799e+01	-1.148326e+03
9.800000e-07	-7.185163e-09	-4.509297e-09	-3.786182e+01	-1.145096e+03
9.900000e-07	-7.115167e-09	-4.497063e-09	-3.749298e+01	-1.141845e+03
1.000000e-06	-7.044675e-09	-4.484732e-09	-3.712152e+01	-1.138580e+03
1.010000e-06	-6.973732e-09	-4.472240e-09	-3.674769e+01	-1.135300e+03
1.020000e-06	-6.902366e-09	-4.458806e-09	-3.637163e+01	-1.132001e+03
1.030000e-06	-6.830550e-09	-4.444774e-09	-3.599320e+01	-1.128674e+03
1.040000e-06	-6.758217e-09	-4.431099e-09	-3.561205e+01	-1.125306e+03
1.050000e-06	-6.685317e-09	-4.418142e-09	-3.522791e+01	-1.121886e+03
1.060000e-06	-6.611821e-09	-4.405449e-09	-3.484063e+01	-1.118396e+03
1.070000e-06	-6.537712e-09	-4.392233e-09	-3.445012e+01	-1.114825e+03
1.080000e-06	-6.462993e-09	-4.378088e-09	-3.405639e+01	-1.111162e+03
1.090000e-06	-6.387671e-09	-4.362956e-09	-3.365949e+01	-1.107398e+03
1.100000e-06	-6.311783e-09	-4.347367e-09	-3.325961e+01	-1.103531e+03
1.110000e-06	-6.235382e-09	-4.331510e-09	-3.285701e+01	-1.099561e+03
1.120000e-06	-6.158523e-09	-4.315530e-09	-3.245201e+01	-1.095493e+03
1.130000e-06	-6.081228e-09	-4.299798e-09	-3.204471e+01	-1.091334e+03
1.140000e-06	-6.003483e-09	-4.284258e-09	-3.163504e+01	-1.087094e+03
1.150000e-06	-5.925272e-09	-4.268575e-09	-3.122292e+01	-1.082783e+03
1.160000e-06	-5.846588e-09	-4.252396e-09	-3.080830e+01	-1.078410e+03
1.170000e-06	-5.767444e-09	-4.234947e-09	-3.039126e+01	-1.073981e+03
1.180000e-06	-5.687845e-09	-4.216617e-09	-2.997182e+01	-1.069501e+03
1.190000e-06	-5.607770e-09	-4.198349e-09	-2.954987e+01	-1.064970e+03
1.200000e-06	-5.527193e-09	-4.180214e-09	-2.912527e+01	-1.060384e+03
1.210000e-06	-5.446106e-09	-4.162055e-09	-2.869799e+01	-1.055737e+03
1.220000e-06	-5.364564e-09	-4.143783e-09	-2.826831e+01	-1.051020e+03
1.230000e-06	-5.282643e-09	-4.124856e-09	-2.783663e+01	-1.046221e+03
1.240000e-06	-5.200391e-09	-4.105134e-09	-2.740320e+01	-1.041328e+03
1.250000e-06	-5.117837e-09	-4.085040e-09	-2.696819e+01	-1.036332e+03
1.260000e-06	-5.035008e-09	-4.064457e-09	-2.653173e+01	-1.031222e+03
1.270000e-06	-4.951908e-09	-4.042978e-09	-2.609383e+01	-1.025994e+03
1.280000e-06	-4.868524e-09	-4.021356e-09	-2.565445e+01	-1.020644e+03
1.290000e-06	-4.784846e-09	-4.000139e-09	-2.521351e+01	-1.015172e+03
1.300000e-06	-4.700867e-09	-3.978438e-09	-2.477098e+01	-1.009582e+03
1.310000e-06	-4.616590e-09	-3.955576e-09	-2.432688e+01	-1.003880e+03
1.320000e-06	-4.532022e-09	-3.932355e-09	-2.388125e+01	-9.980714e+02
1.330000e-06	-4.447166e-09	-3.909111e-09	-2.343411e+01	-9.921638e+02
1.340000e-06	-4.362013e-09	-3.885487e-09	-2.298540e+01	-9.861623e+02
1.350000e-06	-4.276548e-09	-3.861319e-09	-2.253505e+01	-9.800700e+02
1.360000e-06	-4.190771e-09	-3.836581e-09	-2.208305e+01	-9.738865e+02
1.370000e-06	-4.104704e-09	-3.811538e-09	-2.162953e+01	-9.676079e+02
1.380000e-06	-4.018381e-09	-3.786479e-09	-2.117465e+01	-9.612262e+02
1.390000e-06	-3.931822e-09	-3.761313e-09	-2.071853e+01	-9.547300e+02
1.400000e-06	-3.845041e-09	-3.735007e-09	-2.026124e+01	-9.481051e+02
1.410000e-06	-3.758050e-09	-3.707301e-09	-1.980285e+01	-9.413353e+02
1.420000e-06	-3.670841e-09	-3.679340e-09	-1.934330e+01	-9.344039e+02
1.430000e-06	-3.583402e-09	-3.651470e-09	-1.888254e+01	-9.272949e+02
1.440000e-06	-3.495721e-09	-3.622887e-09	-1.842051e+01	-9.199940e+02
1.450000e-06	-3.407782e-09	-3.593270e-09	-1.795712e+01	-9.124898e+02
1.460000e-06	-3.319557e-09	-3.563170e-09	-1.749222e+01	-9.047742e+02
1.470000e-06	-3.231023e-09	-3.532851e-09	-1.702570e+01	-8.968429e+02
1.480000e-06	-3.142185e-09	-3.501562e-09	-1.655758e+01	-8.886949e+02
1.490000e-06	-3.053058e-09	-3.468839e-09	-1.608793e+01	-8.803321e+02
1.500000e-06	-2.963670e-09	-3.434681e-09	-1.561691e+01	-8.717583e+02
1.510000e-06	-2.874060e-09	-3.399783e-09	-1.514472e+01	-8.629781e+02
1.520000e-06	-2.784253e-09	-3.364570e-09	-1.467149e+01	-8.539957e+02
1.530000e-06	-2.694277e-09	-3.328573e-09	-1.419737e+01	-8.448134e+02
1.540000e-06	-2.604149e-09	-3.291421e-09	-1.372245e+01	-8.354309e+02
1.550000e-06	-2.513865e-09	-3.253248e-09	-1.324671e+01	-8.258443e+02
1.560000e-06	-2.423418e-09	-3.214397e-09	-1.277010e+01	-8.160460e+02
1.570000e-06	-2.332805e-09	-3.174823e-09	-1.229263e+01	-8.060241e+02
1.580000e-06	-2.242010e-09	-3.134278e-09	-1.181419e+01	-7.957632e+02
1.590000e-06	-2.151021e-09	-3.092530e-09	-1.133473e+01	-7.852447e+02
1.600000e-06	-2.059841e-09	-3.049484e-09	-1.085427e+01	-7.744480e+02
1.610000e-06	-1.968456e-09	-3.005465e-09	-1.037272e+01	-7.633511e+02
1.620000e-06	-1.876863e-09	-2.960685e-09	-9.890074e+00	-7.519313e+02
1.630000e-06	-1.785083e-09	-2.914601e-09	-9.406442e+00	-7.401666e+02
1.640000e-06	-1.693134e-09	-2.866456e-09	-8.921926e+00	-7.280354e+02
1.650000e-06	-1.601040e-09	-2.816363e-09	-8.436639e+00	-7.155175e+02
1.660000e-06	-1.508844e-09	-2.764989e-09	-7.950816e+00	-7.025932e+02
1.670000e-06	-1.416576e-09	-2.712519e-09	-7.464613e+00	-6.892431e+02
1.680000e-06	-1.324240e-09	-2.658384e-09	-6.978053e+00	-6.754475e+02
1.690000e-06	-1.231841e-09	-2.601949e-09	-6.491156e+00	-6.611857e+02
1.700000e-06	-1.139372e-09	-2.543236e-09	-6.003893e+00	-6.464346e+02
1.710000e-06	-1.046816e-09	-2.482931e-09	-5.516177e+00	-6.311682e+02
1.720000e-06	-9.541734e-10	-2.421175e-09	-5.027997e+00	-6.153575e+02
1.730000e-06	-8.614468e-10	-2.356951e-09	-4.539378e+00	-5.989697e+02
1.740000e-06	-7.686379e-10	-2.289222e-09	-4.050325e+00	-5.819692e+02
1.750000e-06	-6.757571e-10	-2.218375e-09	-3.560893e+00	-5.643175e+02
1.760000e-06	-5.828203e-10	-2.145756e-09	-3.071166e+00	-5.459754e+02
1.770000e-06	-4.898393e-10	-2.070638e-09	-2.581206e+00	-5.269038e+02
1.780000e-06	-3.968312e-10	-1.992148e-09	-2.091103e+00	-5.070658e+02
1.790000e-06	-3.038095e-10	-1.910351e-09	-1.600929e+00	-4.864288e+02
1.800000e-06	-2.107887e-10	-1.825291e-09	-1.110760e+00	-4.649659e+02
1.810000e-06	-1.177891e-10	-1.737304e-09	-6.207023e-01	-4.426584e+02
1.820000e-06	-2.481874e-11	-1.646096e-09	-1.307988e-01	-4.194962e+02
1.830000e-06	6.813302e-11	-1.551028e-09	3.590070e-01	-3.954795e+02
1.840000e-06	1.610725e-10	-1.451843e-09	8.487480e-01	-3.706186e+02
1.850000e-06	2.539999e-10	-1.349354e-09	1.338425e+00	-3.449341e+02
1.860000e-06	3.469202e-10	-1.244550e-09	1.828065e+00	-3.184560e+02
1.870000e-06	4.398387e-10	-1.137308e-09	2.317696e+00	-2.912229e+02
1.880000e-06	5.327521e-10	-1.026963e-09	2.807300e+00	-2.632803e+02
1.890000e-06	6.256554e-10	-9.138939e-10	3.296850e+00	-2.346792e+02
1.900000e-06	7.185416e-10	-7.987726e-10	3.786310e+00	-2.054744e+02
1.910000e-06	8.113939e-10	-6.818733e-10	4.275593e+00	-1.757234e+02
1.920000e-06	9.041909e-10	-5.628723e-10	4.764583e+00	-1.454848e+02
1.930000e-06	9.969123e-10	-4.414718e-10	5.253176e+00	-1.148175e+02
1.940000e-06	1.089548e-09	-3.179156e-10	5.741316e+00	-8.378050e+01
1.950000e-06	1.182075e-09	-1.934901e-10	6.228884e+00	-5.243218e+01
1.960000e-06	1.274474e-09	-6.936455e-11	6.715778e+00	-2.083087e+01
1.970000e-06	1.366745e-09	5.473010e-11	7.202000e+00	1.096507e+01
1.980000e-06	1.458898e-09	1.793103e-10	7.687593e+00	4.289671e+01
1.990000e-06	1.550952e-09	3.046974e-10	8.172667e+00	7.490425e+01
2.000000e-06	1.642909e-09	4.307321e-10	8.657232e+00	1.069267e+02
2.010000e-06	1.734759e-09	5.573973e-10	9.141233e+00	1.389017e+02
2.020000e-06	1.826492e-09	6.841908e-10	9.624617e+00	1.707661e+02
2.030000e-06	1.918094e-09	8.100572e-10	1.010731e+01	2.024561e+02
2.040000e-06	2.009546e-09	9.343783e-10	1.058921e+01	2.339083e+02
2.050000e-06	2.100820e-09	1.056456e-09	1.107017e+01	2.650605e+02
2.060000e-06	2.191900e-09	1.176095e-09	1.155011e+01	2.958529e+02
2.070000e-06	2.282770e-09	1.294038e-09	1.202894e+01	3.262295e+02
2.080000e-06	2.373421e-09	1.411010e-09	1.250662e+01	3.561383e+02
2.090000e-06	2.463854e-09	1.526781e-09	1.298315e+01	3.855328e+02
2.100000e-06	2.554080e-09	1.640398e-09	1.345858e+01	4.143720e+02
2.110000e-06	2.644107e-09	1.751304e-09	1.393297e+01	4.426205e+02
2.120000e-06	2.733939e-09	1.859204e-09	1.440633e+01	4.702480e+02
2.130000e-06	2.823584e-09	1.964345e-09	1.487871e+01	4.972289e+02
2.140000e-06	2.913046e-09	2.066914e-09	1.535012e+01	5.235408e+02
2.150000e-06	3.002316e-09	2.166909e-09	1.582052e+01	5.491639e+02
2.160000e-06	3.091380e-09	2.264519e-09	1.628983e+01	5.740797e+02
2.170000e-06	3.180201e-09	2.359848e-09	1.675787e+01	5.982701e+02
2.180000e-06	3.268754e-09	2.452766e-09	1.722449e+01	6.217166e+02
2.190000e-06	3.357022e-09	2.542760e-09	1.768961e+01	6.444002e+02
2.200000e-06	3.444993e-09	2.629328e-09	1.815318e+01	6.663015e+02
2.210000e-06	3.532674e-09	2.712405e-09	1.861520e+01	6.874017e+02
2.220000e-06	3.620077e-09	2.791558e-09	1.907577e+01	7.076832e+02
2.230000e-06	3.707217e-09	2.866492e-09	1.953495e+01	7.271314e+02
2.240000e-06	3.794106e-09	2.937933e-09	1.999281e+01	7.457363e+02
2.250000e-06	3.880744e-09	3.006211e-09	2.044935e+01	7.634939e+02
2.260000e-06	3.967133e-09	3.071500e-09	2.090457e+01	7.804079e+02
2.270000e-06	4.053274e-09	3.133913e-09	2.135848e+01	7.964908e+02
2.280000e-06	4.139169e-09	3.193268e-09	2.181110e+01	8.117642e+02
2.290000e-06	4.224814e-09	3.249442e-09	2.226241e+01	8.262592e+02
2.300000e-06	4.310202e-09	3.302914e-09	2.271235e+01	8.400153e+02
2.310000e-06	4.395330e-09	3.354181e-09	2.316093e+01	8.530793e+02
2.320000e-06	4.480195e-09	3.403136e-09	2.360812e+01	8.655035e+02
2.330000e-06	4.564770e-09	3.449777e-09	2.405379e+01	8.773431e+02
2.340000e-06	4.649026e-09	3.494466e-09	2.449778e+01	8.886540e+02
2.350000e-06	4.732938e-09	3.537155e-09	2.493995e+01	8.994897e+02
2.360000e-06	4.816494e-09	3.577948e-09	2.538025e+01	9.098996e+02
2.370000e-06	4.899694e-09	3.617306e-09	2.581866e+01	9.199266e+02
2.380000e-06	4.982551e-09	3.655125e-09	2.625528e+01	9.296060e+02
2.390000e-06	5.065077e-09	3.691651e-09	2.669014e+01	9.389647e+02
2.400000e-06	5.147279e-09	3.727271e-09	2.712330e+01	9.480211e+02
2.410000e-06	5.229159e-09	3.761781e-09	2.755476e+01	9.567864e+02
2.420000e-06	5.310683e-09	3.794713e-09	2.798435e+01	9.652654e+02
2.430000e-06	5.391818e-09	3.825804e-09	2.841188e+01	9.734588e+02
2.440000e-06	5.472536e-09	3.855694e-09	2.883722e+01	9.813648e+02
2.450000e-06	5.552816e-09	3.884557e-09	2.926025e+01	9.889820e+02
2.460000e-06	5.632662e-09	3.912446e-09	2.968099e+01	9.963107e+02
2.470000e-06	5.712075e-09	3.939843e-09	3.009945e+01	1.003355e+03
2.480000e-06	5.791028e-09	3.966488e-09	3.051549e+01	1.010122e+03
2.490000e-06	5.869503e-09	3.992304e-09	3.092901e+01	1.016627e+03
2.500000e-06	5.947495e-09	4.017898e-09	3.133998e+01	1.022887e+03
2.510000e-06	6.025027e-09	4.043120e-09	3.174854e+01	1.028925e+03
2.520000e-06	6.102128e-09	4.066558e-09	3.215481e+01	1.034764e+03
2.530000e-06	6.178808e-09	4.088392e-09	3.255887e+01	1.040431e+03
2.540000e-06	6.255042e-09	4.109966e-09	3.296059e+01	1.045949e+03
2.550000e-06	6.330780e-09	4.131255e-09	3.335968e+01	1.051341e+03
2.560000e-06	6.405978e-09	4.152516e-09	3.375593e+01	1.056623e+03
2.570000e-06	6.480619e-09	4.174101e-09	3.414924e+01	1.061809e+03
2.580000e-06	6.554700e-09	4.194984e-09	3.453960e+01	1.066903e+03
2.590000e-06	6.628227e-09	4.214702e-09	3.492705e+01	1.071908e+03
2.600000e-06	6.701194e-09	4.233672e-09	3.531154e+01	1.076817e+03
2.610000e-06	6.773583e-09	4.251675e-09	3.569299e+01	1.081622e+03
2.620000e-06	6.845413e-09	4.268810e-09	3.607149e+01	1.086313e+03
2.630000e-06	6.916743e-09	4.285778e-09	3.644736e+01	1.090879e+03
2.640000e-06	6.987608e-09	4.302409e-09	3.682078e+01	1.095307e+03
2.650000e-06	7.058000e-09	4.319151e-09	3.719171e+01	1.099593e+03
2.660000e-06	7.127897e-09	4.336407e-09	3.756003e+01	1.103730e+03
2.670000e-06	7.197299e-09	4.352806e-09	3.792574e+01	1.107722e+03
2.680000e-06	7.266244e-09	4.367726e-09	3.828904e+01	1.111574e+03
2.690000e-06	7.334753e-09	4.381960e-09	3.865004e+01	1.115297e+03
2.700000e-06	7.402799e-09	4.395908e-09	3.900861e+01	1.118904e+03
2.710000e-06	7.470326e-09	4.409420e-09	3.936444e+01	1.122413e+03
2.720000e-06	7.537270e-09	4.423003e-09	3.971720e+01	1.125841e+03
2.730000e-06	7.603571e-09	4.436843e-09	4.006657e+01	1.129204e+03
2.740000e-06	7.669205e-09	4.450146e-09	4.041241e+01	1.132515e+03
2.750000e-06	7.734183e-09	4.462994e-09	4.075481e+01	1.135786e+03
2.760000e-06	7.798535e-09	4.475671e-09	4.109391e+01	1.139022e+03
2.770000e-06	7.862306e-09	4.487886e-09	4.142995e+01	1.142223e+03
2.780000e-06	7.925555e-09	4.499837e-09	4.176324e+01	1.145387e+03
2.790000e-06	7.988326e-09	4.511741e-09	4.209401e+01	1.148506e+03
2.800000e-06	8.050603e-09	4.523505e-09	4.242218e+01	1.151571e+03
2.810000e-06	8.112353e-09	4.534825e-09	4.274756e+01	1.154571e+03
2.820000e-06	8.173584e-09	4.545713e-09	4.307022e+01	1.157496e+03
2.830000e-06	8.234333e-09	4.556189e-09	4.339033e+01	1.160337e+03
2.840000e-06	8.294599e-09	4.566796e-09	4.370790e+01	1.163091e+03
2.850000e-06	8.354322e-09	4.578182e-09	4.402261e+01	1.165756e+03
2.860000e-06	8.413400e-09	4.589136e-09	4.433392e+01	1.168336e+03
2.870000e-06	8.471734e-09	4.599263e-09	4.464130e+01	1.170838e+03
2.880000e-06	8.529283e-09	4.609161e-09	4.494455e+01	1.173276e+03
2.890000e-06	8.586072e-09	4.618654e-09	4.524379e+01	1.175661e+03
2.900000e-06	8.642174e-09	4.627552e-09	4.553942e+01	1.178010e+03
2.910000e-06	8.697676e-09	4.636597e-09	4.583189e+01	1.180336e+03
2.920000e-06	8.752626e-09	4.646048e-09	4.612144e+01	1.182652e+03
2.930000e-06	8.807011e-09	4.655806e-09	4.640802e+01	1.184966e+03
2.940000e-06	8.860797e-09	4.666265e-09	4.669144e+01	1.187282e+03
2.950000e-06	8.913967e-09	4.676314e-09	4.697162e+01	1.189601e+03
2.960000e-06	8.966500e-09	4.685103e-09	4.724844e+01	1.191917e+03
2.970000e-06	9.018316e-09	4.693207e-09	4.752148e+01	1.194221e+03
2.980000e-06	9.069299e-09	4.701360e-09	4.779013e+01	1.196501e+03
2.990000e-06	9.119382e-09	4.709194e-09	4.805403e+01	1.198745e+03
3.000000e-06	9.168577e-09	4.717187e-09	4.831326e+01	1.200939e+03
3.010000e-06	9.216984e-09	4.726181e-09	4.856834e+01	1.203072e+03
3.020000e-06	9.264716e-09	4.735512e-09	4.881986e+01	1.205136e+03
3.030000e-06	9.311821e-09	4.744745e-09	4.906808e+01	1.207126e+03
3.040000e-06	9.358284e-09	4.753439e-09	4.931291e+01	1.209044e+03
3.050000e-06	9.404073e-09	4.760999e-09	4.955419e+01	1.210895e+03
3.060000e-06	9.449202e-09	4.767305e-09	4.979200e+01	1.212689e+03
3.070000e-06	9.493757e-09	4.773529e-09	5.002678e+01	1.214437e+03
3.080000e-06	9.537803e-09	4.780884e-09	5.025888e+01	1.216155e+03
3.090000e-06	9.581309e-09	4.789149e-09	5.048813e+01	1.217858e+03
3.100000e-06	9.624101e-09	4.797678e-09	5.071362e+01	1.219556e+03
3.110000e-06	9.665991e-09	4.805743e-09	5.093436e+01	1.221261e+03
3.120000e-06	9.706964e-09	4.812622e-09	5.115026e+01	1.222978e+03
3.130000e-06	9.747171e-09	4.818796e-09	5.136213e+01	1.224706e+03
3.140000e-06	9.786743e-09	4.824783e-09	5.157065e+01	1.226442e+03
3.150000e-06	9.825685e-09	4.830664e-09	5.177586e+01	1.228177e+03
3.160000e-06	9.863943e-09	4.836818e-09	5.197746e+01	1.229898e+03
3.170000e-06	9.901473e-09	4.843565e-09	5.217522e+01	1.231591e+03
3.180000e-06	9.938298e-09	4.850544e-09	5.236926e+01	1.233241e+03
3.190000e-06	9.974527e-09	4.857115e-09	5.256017e+01	1.234834e+03
3.200000e-06	1.001022e-08	4.863276e-09	5.274824e+01	1.236359e+03
3.210000e-06	1.004522e-08	4.868883e-09	5.293270e+01	1.237811e+03
3.220000e-06	1.007932e-08	4.874177e-09	5.311236e+01	1.239187e+03
3.230000e-06	1.011245e-08	4.879914e-09	5.328695e+01	1.240492e+03
3.240000e-06	1.014478e-08	4.885962e-09	5.345733e+01	1.241733e+03
3.250000e-06	1.017648e-08	4.891668e-09	5.362433e+01	1.242925e+03
3.260000e-06	1.020753e-08	4.897156e-09	5.378797e+01	1.244080e+03
3.270000e-06	1.023788e-08	4.902407e-09	5.394792e+01	1.245216e+03
3.280000e-06	1.026751e-08	4.907005e-09	5.410403e+01	1.246347e+03
3.290000e-06	1.029641e-08	4.911398e-09	5.425630e+01	1.247484e+03
3.300000e-06	1.032468e-08	4.915959e-09	5.440527e+01	1.248634e+03
3.310000e-06	1.035240e-08	4.920389e-09	5.455135e+01	1.249800e+03
3.320000e-06	1.037939e-08	4.924973e-09	5.469356e+01	1.250978e+03
3.330000e-06	1.040535e-08	4.929643e-09	5.483035e+01	1.252160e+03
3.340000e-06	1.043027e-08	4.934076e-09	5.496169e+01	1.253333e+03
3.350000e-06	1.045439e-08	4.937848e-09	5.508879e+01	1.254482e+03
3.360000e-06	1.047784e-08	4.941180e-09	5.521237e+01	1.255588e+03
3.370000e-06	1.050060e-08	4.944884e-09	5.533230e+01	1.256637e+03
3.380000e-06	1.052265e-08	4.948922e-09	5.544848e+01	1.257616e+03
3.390000e-06	1.054397e-08	4.952743e-09	5.556082e+01	1.258516e+03
3.400000e-06	1.056459e-08	4.955820e-09	5.566949e+01	1.259334e+03
3.410000e-06	1.058464e-08	4.958894e-09	5.577511e+01	1.260074e+03
3.420000e-06	1.060409e-08	4.961911e-09	5.587763e+01	1.260744e+03
3.430000e-06	1.062276e-08	4.964929e-09	5.597598e+01	1.261359e+03
3.440000e-06	1.064053e-08	4.968093e-09	5.606961e+01	1.261936e+03
3.450000e-06	1.065751e-08	4.970728e-09	5.615913e+01	1.262493e+03
3.460000e-06	1.067375e-08	4.973084e-09	5.624470e+01	1.263049e+03
3.470000e-06	1.068912e-08	4.975142e-09	5.632566e+01	1.263618e+03
3.480000e-06	1.070361e-08	4.977171e-09	5.640202e+01	1.264210e+03
3.490000e-06	1.071732e-08	4.979397e-09	5.647426e+01	1.264830e+03
3.500000e-06	1.073026e-08	4.981235e-09	5.654248e+01	1.265474e+03
3.510000e-06	1.074247e-08	4.982818e-09	5.660682e+01	1.266133e+03
3.520000e-06	1.075390e-08	4.984643e-09	5.666702e+01	1.266791e+03
3.530000e-06	1.076427e-08	4.986692e-09	5.672169e+01	1.267428e+03
3.540000e-06	1.077349e-08	4.988350e-09	5.677025e+01	1.268023e+03
3.550000e-06	1.078180e-08	4.989155e-09	5.681408e+01	1.268555e+03
3.560000e-06	1.078946e-08	4.989746e-09	5.685444e+01	1.269004e+03
3.570000e-06	1.079642e-08	4.990310e-09	5.689110e+01	1.269360e+03
3.580000e-06	1.080261e-08	4.991153e-09	5.692372e+01	1.269616e+03
3.590000e-06	1.080801e-08	4.992132e-09	5.695219e+01	1.269775e+03
3.600000e-06	1.081268e-08	4.992951e-09	5.697676e+01	1.269848e+03
3.610000e-06	1.081676e-08	4.994180e-09	5.699827e+01	1.269854e+03
3.620000e-06	1.082025e-08	4.995293e-09	5.701668e+01	1.269815e+03
3.630000e-06	1.082287e-08	4.995487e-09	5.703048e+01	1.269759e+03
3.640000e-06	1.082438e-08	4.994719e-09	5.703845e+01	1.269714e+03
3.650000e-06	1.082494e-08	4.993898e-09	5.704139e+01	1.269702e+03
3.660000e-06	1.082484e-08	4.993546e-09	5.704086e+01	1.269743e+03
3.670000e-06	1.082409e-08	4.993548e-09	5.703691e+01	1.269844e+03
3.680000e-06	1.082261e-08	4.994045e-09	5.702911e+01	1.270006e+03
3.690000e-06	1.082043e-08	4.994472e-09	5.701758e+01	1.270217e+03
3.700000e-06	1.081752e-08	4.994311e-09	5.700229e+01	1.270454e+03
3.710000e-06	1.081397e-08	4.993699e-09	5.698357e+01	1.270689e+03
3.720000e-06	1.080993e-08	4.992640e-09	5.696228e+01	1.270887e+03
3.730000e-06	1.080533e-08	4.991210e-09	5.693804e+01	1.271009e+03
3.740000e-06	1.079985e-08	4.989958e-09	5.690919e+01	1.271021e+03
3.750000e-06	1.079324e-08	4.990089e-09	5.687432e+01	1.270896e+03
3.760000e-06	1.078532e-08	4.995115e-09	5.683261e+01	1.270615e+03
3.770000e-06	1.077596e-08	4.997345e-09	5.678329e+01	1.270174e+03
3.780000e-06	1.076542e-08	4.990880e-09	5.672773e+01	1.269582e+03
3.790000e-06	1.075462e-08	4.981232e-09	5.667084e+01	1.268865e+03
3.800000e-06	1.074401e-08	4.975425e-09	5.661489e+01	1.268063e+03
3.810000e-06	1.073268e-08	4.975534e-09	5.655519e+01	1.267225e+03
3.820000e-06	1.071987e-08	4.971797e-09	5.648771e+01	1.266410e+03
3.830000e-06	1.070623e-08	4.975857e-09	5.641586e+01	1.265677e+03
3.840000e-06	1.069221e-08	4.991815e-09	5.634194e+01	1.265085e+03
3.850000e-06	1.067709e-08	4.985458e-09	5.626230e+01	1.264681e+03
3.860000e-06	1.066084e-08	4.971834e-09	5.617669e+01	1.264500e+03
3.870000e-06	1.064415e-08	4.980576e-09	5.608870e+01	1.264561e+03
3.880000e-06	1.062687e-08	4.993596e-09	5.599767e+01	1.264860e+03
3.890000e-06	1.060857e-08	4.995909e-09	5.590121e+01	1.265374e+03
3.900000e-06	1.058957e-08	4.986837e-09	5.580113e+01	1.266059e+03
3.910000e-06	1.057011e-08	4.987606e-09	5.569855e+01	1.266856e+03
3.920000e-06	1.054962e-08	4.983767e-09	5.559063e+01	1.267691e+03
3.930000e-06	1.052807e-08	4.971266e-09	5.547707e+01	1.268484e+03
3.940000e-06	1.050581e-08	4.974301e-09	5.535976e+01	1.269153e+03
3.950000e-06	1.048269e-08	5.001601e-09	5.523790e+01	1.269626e+03
3.960000e-06	1.045870e-08	5.027155e-09	5.511154e+01	1.269838e+03
3.970000e-06	1.043421e-08	5.042860e-09	5.498248e+01	1.269744e+03
3.980000e-06	1.040905e-08	5.052123e-09	5.484989e+01	1.269321e+03
3.990000e-06	1.038299e-08	5.036977e-09	5.471254e+01	1.268566e+03
4.000000e-06	1.035625e-08	5.013125e-09	5.457164e+01	1.267503e+03
4.010000e-06	1.032892e-08	5.000851e-09	5.442764e+01	1.266172e+03
4.020000e-06	1.030092e-08	4.987925e-09	5.428010e+01	1.264635e+03
4.030000e-06	1.027232e-08	4.958512e-09	5.412938e+01	1.262964e+03
4.040000e-06	1.024290e-08	4.944215e-09	5.397436e+01	1.261235e+03
4.050000e-06	1.021234e-08	4.942413e-09	5.381333e+01	1.259528e+03
4.060000e-06	1.018080e-08	4.932146e-09	5.364714e+01	1.257911e+03
4.070000e-06	1.014849e-08	4.933254e-09	5.347687e+01	1.256441e+03
4.080000e-06	1.011542e-08	4.940954e-09	5.330261e+01	1.255158e+03
4.090000e-06	1.008168e-08	4.933532e-09	5.312485e+01	1.254082e+03
4.100000e-06	1.004734e-08	4.937768e-09	5.294388e+01	1.253211e+03
4.110000e-06	1.001236e-08	4.949689e-09	5.275957e+01	1.252523e+03
4.120000e-06	9.976811e-09	4.934620e-09	5.257223e+01	1.251980e+03
4.130000e-06	9.940697e-09	4.929679e-09	5.238193e+01	1.251529e+03
4.140000e-06	9.903884e-09	4.940332e-09	5.218794e+01	1.251108e+03
4.150000e-06	9.866158e-09	4.922999e-09	5.198915e+01	1.250656e+03
4.160000e-06	9.827433e-09	4.911698e-09	5.178509e+01	1.250111e+03
4.170000e-06	9.787861e-09	4.919721e-09	5.157657e+01	1.249423e+03
4.180000e-06	9.747652e-09	4.907058e-09	5.136469e+01	1.248553e+03
4.190000e-06	9.706821e-09	4.895768e-09	5.114953e+01	1.247476e+03
4.200000e-06	9.665270e-09	4.902607e-09	5.093058e+01	1.246185e+03
4.210000e-06	9.622980e-09	4.894477e-09	5.070774e+01	1.244689e+03
4.220000e-06	9.580001e-09	4.881484e-09	5.048126e+01	1.243013e+03
4.230000e-06	9.536418e-09	4.881443e-09	5.025160e+01	1.241191e+03
4.240000e-06	9.492315e-09	4.873876e-09	5.001920e+01	1.239264e+03
4.250000e-06	9.447660e-09	4.861453e-09	4.978389e+01	1.237278e+03
4.260000e-06	9.402352e-09	4.858964e-09	4.954514e+01	1.235276e+03
4.270000e-06	9.356321e-09	4.854272e-09	4.930259e+01	1.233296e+03
4.280000e-06	9.309586e-09	4.844231e-09	4.905632e+01	1.231366e+03
4.290000e-06	9.262185e-09	4.838862e-09	4.880654e+01	1.229503e+03
4.300000e-06	9.214079e-09	4.833352e-09	4.855306e+01	1.227713e+03
4.310000e-06	9.165208e-09	4.823917e-09	4.829553e+01	1.225988e+03
4.320000e-06	9.115567e-09	4.815999e-09	4.803395e+01	1.224311e+03
4.330000e-06	9.065214e-09	4.809171e-09	4.776862e+01	1.222657e+03
4.340000e-06	9.014176e-09	4.801342e-09	4.749968e+01	1.220997e+03
4.350000e-06	8.962392e-09	4.793883e-09	4.722681e+01	1.219299e+03
4.360000e-06	8.909776e-09	4.785670e-09	4.694955e+01	1.217535e+03
4.370000e-06	8.856308e-09	4.776609e-09	4.666781e+01	1.215680e+03
4.380000e-06	8.802021e-09	4.767877e-09	4.638175e+01	1.213718e+03
4.390000e-06	8.747018e-09	4.758938e-09	4.609192e+01	1.211641e+03
4.400000e-06	8.691393e-09	4.750547e-09	4.579881e+01	1.209449e+03
4.410000e-06	8.635175e-09	4.742891e-09	4.550257e+01	1.207153e+03
4.420000e-06	8.578382e-09	4.733855e-09	4.520330e+01	1.204768e+03
4.430000e-06	8.521014e-09	4.724487e-09	4.490100e+01	1.202315e+03
4.440000e-06	8.463030e-09	4.715850e-09	4.459546e+01	1.199817e+03
4.450000e-06	8.404427e-09	4.706407e-09	4.428665e+01	1.197297e+03
4.460000e-06	8.345246e-09	4.696194e-09	4.397480e+01	1.194774e+03
4.470000e-06	8.285492e-09	4.686295e-09	4.365993e+01	1.192262e+03
4.480000e-06	8.225122e-09	4.676484e-09	4.334181e+01	1.189770e+03
4.490000e-06	8.164089e-09	4.666666e-09	4.302020e+01	1.187298e+03
4.500000e-06	8.102358e-09	4.657069e-09	4.269492e+01	1.184840e+03
4.510000e-06	8.039916e-09	4.647100e-09	4.236589e+01	1.182385e+03
4.520000e-06	7.976802e-09	4.636199e-09	4.203331e+01	1.179917e+03
4.530000e-06	7.913118e-09	4.625178e-09	4.169773e+01	1.177417e+03
4.540000e-06	7.848949e-09	4.614404e-09	4.135960e+01	1.174867e+03
4.550000e-06	7.784292e-09	4.603594e-09	4.101889e+01	1.172251e+03
4.560000e-06	7.719114e-09	4.592481e-09	4.067544e+01	1.169556e+03
4.570000e-06	7.653381e-09	4.580968e-09	4.032906e+01	1.166774e+03
4.580000e-06	7.587087e-09	4.569724e-09	3.997973e+01	1.163902e+03
4.590000e-06	7.520276e-09	4.558814e-09	3.962767e+01	1.160942e+03
4.600000e-06	7.452978e-09	4.547635e-09	3.927304e+01	1.157904e+03
4.610000e-06	7.385180e-09	4.535947e-09	3.891578e+01	1.154797e+03
4.620000e-06	7.316839e-09	4.523593e-09	3.855567e+01	1.151637e+03
4.630000e-06	7.247928e-09	4.510940e-09	3.819255e+01	1.148435e+03
4.640000e-06	7.178435e-09	4.498354e-09	3.782636e+01	1.145204e+03
4.650000e-06	7.108359e-09	4.485423e-09	3.745710e+01	1.141953e+03
4.660000e-06	7.037718e-09	4.472072e-09	3.708487e+01	1.138687e+03
4.670000e-06	6.966541e-09	4.458363e-09	3.670980e+01	1.135407e+03
4.680000e-06	6.894865e-09	4.444319e-09	3.633211e+01	1.132107e+03
4.690000e-06	6.822717e-09	4.430423e-09	3.595193e+01	1.128779e+03
4.700000e-06	6.750117e-09	4.417047e-09	3.556936e+01	1.125411e+03
4.710000e-06	6.677074e-09	4.403390e-09	3.518447e+01	1.121988e+03
4.720000e-06	6.603561e-09	4.389026e-09	3.479710e+01	1.118497e+03
4.730000e-06	6.529550e-09	4.373927e-09	3.440710e+01	1.114924e+03
4.740000e-06	6.455043e-09	4.358380e-09	3.401449e+01	1.111257e+03
4.750000e-06	6.380055e-09	4.342909e-09	3.361934e+01	1.107490e+03
4.760000e-06	6.304584e-09	4.327723e-09	3.322165e+01	1.103620e+03
4.770000e-06	6.228606e-09	4.312431e-09	3.282129e+01	1.099647e+03
4.780000e-06	6.152093e-09	4.296913e-09	3.241812e+01	1.095576e+03
4.790000e-06	6.075052e-09	4.281329e-09	3.201216e+01	1.091415e+03
4.800000e-06	5.997510e-09	4.265132e-09	3.160356e+01	1.087173e+03
4.810000e-06	5.919495e-09	4.248123e-09	3.119247e+01	1.082860e+03
4.820000e-06	5.841020e-09	4.230661e-09	3.077895e+01	1.078484e+03
4.830000e-06	5.762067e-09	4.212574e-09	3.036291e+01	1.074054e+03
4.840000e-06	5.682614e-09	4.194403e-09	2.994424e+01	1.069573e+03
4.850000e-06	5.602685e-09	4.176951e-09	2.952306e+01	1.065040e+03
4.860000e-06	5.522312e-09	4.159514e-09	2.909954e+01	1.060453e+03
4.870000e-06	5.441531e-09	4.141124e-09	2.867387e+01	1.055804e+03
4.880000e-06	5.360385e-09	4.122153e-09	2.824627e+01	1.051085e+03
4.890000e-06	5.278894e-09	4.103133e-09	2.781686e+01	1.046283e+03
4.900000e-06	5.197071e-09	4.083543e-09	2.738569e+01	1.041388e+03
4.910000e-06	5.114921e-09	4.063429e-09	2.695281e+01	1.036389e+03
4.920000e-06	5.032460e-09	4.043128e-09	2.651829e+01	1.031276e+03
4.930000e-06	4.949706e-09	4.022461e-09	2.608222e+01	1.026044e+03
4.940000e-06	4.866670e-09	4.001585e-09	2.564466e+01	1.020690e+03
4.950000e-06	4.783358e-09	3.980878e-09	2.520565e+01	1.015215e+03
4.960000e-06	4.699753e-09	3.959895e-09	2.476509e+01	1.009622e+03
4.970000e-06	4.615818e-09	3.938029e-09	2.432280e+01	1.003916e+03
4.980000e-06	4.531521e-09	3.915379e-09	2.387860e+01	9.981048e+02
4.990000e-06	4.446834e-09	3.892891e-09	2.343235e+01	9.921943e+02
5.000000e-06	4.361749e-09	3.870517e-09	2.298400e+01	9.861901e+02
5.010000e-06	4.276290e-09	3.847154e-09	2.253369e+01	9.800950e+02
5.020000e-06	4.190497e-09	3.822644e-09	2.208161e+01	9.739088e+02
5.030000e-06	4.104395e-09	3.797413e-09	2.162790e+01	9.676272e+02
5.040000e-06	4.017985e-09	3.772140e-09	2.117257e+01	9.612424e+02
5.050000e-06	3.931276e-09	3.746938e-09	2.071567e+01	9.547427e+02
5.060000e-06	3.844272e-09	3.721064e-09	2.025721e+01	9.481138e+02
5.070000e-06	3.756971e-09	3.694211e-09	1.979718e+01	9.413396e+02
5.080000e-06	3.669369e-09	3.666704e-09	1.933557e+01	9.344033e+02
5.090000e-06	3.581479e-09	3.638370e-09	1.887244e+01	9.272890e+02
5.100000e-06	3.493318e-09	3.609200e-09	1.840788e+01	9.199823e+02
5.110000e-06	3.404904e-09	3.579455e-09	1.794198e+01	9.124721e+02
5.120000e-06	3.316249e-09	3.548540e-09	1.747481e+01	9.047503e+02
5.130000e-06	3.227362e-09	3.516869e-09	1.700643e+01	8.968127e+02
5.140000e-06	3.138258e-09	3.485254e-09	1.653690e+01	8.886584e+02
5.150000e-06	3.048936e-09	3.453030e-09	1.606622e+01	8.802894e+02
5.160000e-06	2.959407e-09	3.419239e-09	1.559445e+01	8.717094e+02
5.170000e-06	2.869696e-09	3.384217e-09	1.512172e+01	8.629233e+02
5.180000e-06	2.779822e-09	3.348970e-09	1.464814e+01	8.539349e+02
5.190000e-06	2.689802e-09	3.313716e-09	1.417378e+01	8.447467e+02
5.200000e-06	2.599639e-09	3.278078e-09	1.369867e+01	8.353583e+02
5.210000e-06	2.509330e-09	3.240884e-09	1.322279e+01	8.257656e+02
5.220000e-06	2.418863e-09	3.201823e-09	1.274608e+01	8.159609e+02
5.230000e-06	2.328240e-09	3.162084e-09	1.226855e+01	8.059322e+02
5.240000e-06	2.237470e-09	3.121890e-09	1.179024e+01	7.956640e+02
5.250000e-06	2.146548e-09	3.080640e-09	1.131113e+01	7.851377e+02
5.260000e-06	2.055470e-09	3.038115e-09	1.083119e+01	7.743325e+02
5.270000e-06	1.964235e-09	2.994270e-09	1.035043e+01	7.632263e+02
5.280000e-06	1.872844e-09	2.949682e-09	9.868851e+00	7.517966e+02
5.290000e-06	1.781292e-09	2.904113e-09	9.386421e+00	7.400213e+02
5.300000e-06	1.689594e-09	2.856575e-09	8.903220e+00	7.278790e+02
5.310000e-06	1.597780e-09	2.807326e-09	8.419413e+00	7.153492e+02
5.320000e-06	1.505874e-09	2.756556e-09	7.935117e+00	7.024123e+02
5.330000e-06	1.413895e-09	2.704072e-09	7.450442e+00	6.890492e+02
5.340000e-06	1.321847e-09	2.650307e-09	6.965398e+00	6.752400e+02
5.350000e-06	1.229721e-09	2.595024e-09	6.479945e+00	6.609637e+02
5.360000e-06	1.137506e-09	2.537585e-09	5.994025e+00	6.461975e+02
5.370000e-06	1.045188e-09	2.478215e-09	5.507560e+00	6.309152e+02
5.380000e-06	9.527582e-10	2.416761e-09	5.020508e+00	6.150877e+02
5.390000e-06	8.602141e-10	2.352633e-09	4.532853e+00	5.986821e+02
5.400000e-06	7.675767e-10	2.285706e-09	4.044707e+00	5.816625e+02
5.410000e-06	6.748707e-10	2.216124e-09	3.556200e+00	5.639908e+02
5.420000e-06	5.821010e-10	2.143801e-09	3.067356e+00	5.456275e+02
5.430000e-06	4.892800e-10	2.069154e-09	2.578243e+00	5.265335e+02
5.440000e-06	3.964276e-10	1.991911e-09	2.088965e+00	5.066721e+02
5.450000e-06	3.035616e-10	1.911041e-09	1.599614e+00	4.860108e+02
5.460000e-06	2.106970e-10	1.826849e-09	1.110272e+00	4.645231e+02
5.470000e-06	1.178469e-10	1.740183e-09	6.210053e-01	4.421903e+02
5.480000e-06	2.501648e-11	1.650274e-09	1.318426e-01	4.190028e+02
5.490000e-06	-6.779201e-11	1.556348e-09	-3.572046e-01	3.949609e+02
5.500000e-06	-1.605830e-10	1.458997e-09	-8.461599e-01	3.700754e+02
5.510000e-06	-2.533692e-10	1.358442e-09	-1.335090e+00	3.443672e+02
5.520000e-06	-3.461486e-10	1.254793e-09	-1.823983e+00	3.178666e+02
5.530000e-06	-4.389275e-10	1.148297e-09	-2.312875e+00	2.906123e+02
5.540000e-06	-5.317014e-10	1.038715e-09	-2.801740e+00	2.626501e+02
5.550000e-06	-6.244492e-10	9.262863e-10	-3.290468e+00	2.340311e+02
5.560000e-06	-7.171599e-10	8.120133e-10	-3.779000e+00	2.048102e+02
5.570000e-06	-8.098158e-10	6.958720e-10	-4.267244e+00	1.750450e+02
5.580000e-06	-9.023883e-10	5.775303e-10	-4.755048e+00	1.447940e+02
5.590000e-06	-9.948533e-10	4.573550e-10	-5.242287e+00	1.141162e+02
5.600000e-06	-1.087193e-09	3.357806e-10	-5.728865e+00	8.307040e+01
5.610000e-06	-1.179403e-09	2.128816e-10	-6.214758e+00	5.171513e+01
5.620000e-06	-1.271482e-09	8.898415e-11	-6.699968e+00	2.010858e+01
5.630000e-06	-1.363437e-09	-3.541875e-11	-7.184519e+00	-1.169087e+01
5.640000e-06	-1.455284e-09	-1.607179e-10	-7.668500e+00	-4.362435e+01
5.650000e-06	-1.547026e-09	-2.865918e-10	-8.151933e+00	-7.563203e+01
5.660000e-06	-1.638674e-09	-4.123640e-10	-8.634867e+00	-1.076529e+02
5.670000e-06	-1.730222e-09	-5.384446e-10	-9.117275e+00	-1.396246e+02
5.680000e-06	-1.821655e-09	-6.644196e-10	-9.599077e+00	-1.714840e+02
5.690000e-06	-1.912964e-09	-7.892798e-10	-1.008022e+01	-2.031673e+02
5.700000e-06	-2.004132e-09	-9.129133e-10	-1.056063e+01	-2.346110e+02
5.710000e-06	-2.095160e-09	-1.035267e-09	-1.104030e+01	-2.657531e+02
5.720000e-06	-2.186043e-09	-1.156389e-09	-1.151921e+01	-2.965339e+02
5.730000e-06	-2.276769e-09	-1.276353e-09	-1.199728e+01	-3.268973e+02
5.740000e-06	-2.367323e-09	-1.394449e-09	-1.247445e+01	-3.567916e+02
5.750000e-06	-2.457696e-09	-1.509840e-09	-1.295067e+01	-3.861704e+02
5.760000e-06	-2.547882e-09	-1.622949e-09	-1.342590e+01	-4.149929e+02
5.770000e-06	-2.637889e-09	-1.734152e-09	-1.390019e+01	-4.432237e+02
5.780000e-06	-2.727736e-09	-1.842653e-09	-1.437363e+01	-4.708328e+02
5.790000e-06	-2.817429e-09	-1.948440e-09	-1.484627e+01	-4.977946e+02
5.800000e-06	-2.906966e-09	-2.051696e-09	-1.531807e+01	-5.240868e+02
5.810000e-06	-2.996338e-09	-2.152437e-09	-1.578902e+01	-5.496897e+02
5.820000e-06	-3.085533e-09	-2.250840e-09	-1.625903e+01	-5.745848e+02
5.830000e-06	-3.174530e-09	-2.346973e-09	-1.672799e+01	-5.987539e+02
5.840000e-06	-3.263309e-09	-2.440377e-09	-1.719581e+01	-6.221786e+02
5.850000e-06	-3.351864e-09	-2.530379e-09	-1.766245e+01	-6.448398e+02
5.860000e-06	-3.440175e-09	-2.617164e-09	-1.812780e+01	-6.667182e+02
5.870000e-06	-3.528217e-09	-2.701019e-09	-1.859173e+01	-6.877950e+02
5.880000e-06	-3.615968e-09	-2.781358e-09	-1.905414e+01	-7.080525e+02
5.890000e-06	-3.703415e-09	-2.858007e-09	-1.951493e+01	-7.274764e+02
5.900000e-06	-3.790555e-09	-2.931315e-09	-1.997411e+01	-7.460568e+02
5.910000e-06	-3.877389e-09	-3.001276e-09	-2.043168e+01	-7.637898e+02
5.920000e-06	-3.963920e-09	-3.067995e-09	-2.088764e+01	-7.806795e+02
5.930000e-06	-4.050161e-09	-3.131461e-09	-2.134208e+01	-7.967386e+02
5.940000e-06	-4.136121e-09	-3.191380e-09	-2.179504e+01	-8.119889e+02
5.950000e-06	-4.221799e-09	-3.248029e-09	-2.224651e+01	-8.264618e+02
5.960000e-06	-4.307176e-09	-3.302218e-09	-2.269640e+01	-8.401971e+02
5.970000e-06	-4.392227e-09	-3.353973e-09	-2.314456e+01	-8.532418e+02
5.980000e-06	-4.476921e-09	-3.403277e-09	-2.359086e+01	-8.656483e+02
5.990000e-06	-4.561237e-09	-3.450384e-09	-2.403515e+01	-8.774719e+02
6.000000e-06	-4.645167e-09	-3.495525e-09	-2.447742e+01	-8.887682e+02
6.010000e-06	-4.728727e-09	-3.539071e-09	-2.491774e+01	-8.995910e+02
6.020000e-06	-4.811948e-09	-3.580887e-09	-2.535627e+01	-9.099894e+02
6.030000e-06	-4.894853e-09	-3.620514e-09	-2.579313e+01	-9.200060e+02
6.040000e-06	-4.977448e-09	-3.658243e-09	-2.622836e+01	-9.296760e+02
6.050000e-06	-5.059717e-09	-3.695026e-09	-2.666188e+01	-9.390258e+02
6.060000e-06	-5.141651e-09	-3.731096e-09	-2.709362e+01	-9.480739e+02
6.070000e-06	-5.223256e-09	-3.765918e-09	-2.752364e+01	-9.568310e+02
6.080000e-06	-5.304548e-09	-3.799275e-09	-2.795200e+01	-9.653019e+02
6.090000e-06	-5.385537e-09	-3.831311e-09	-2.837877e+01	-9.734871e+02
6.100000e-06	-5.466196e-09	-3.862330e-09	-2.880380e+01	-9.813849e+02
6.110000e-06	-5.546478e-09	-3.892366e-09	-2.922685e+01	-9.889937e+02
6.120000e-06	-5.626321e-09	-3.921196e-09	-2.964757e+01	-9.963141e+02
6.130000e-06	-5.705678e-09	-3.948680e-09	-3.006574e+01	-1.003350e+03
6.140000e-06	-5.784538e-09	-3.974808e-09	-3.048129e+01	-1.010110e+03
6.150000e-06	-5.862903e-09	-3.999984e-09	-3.089422e+01	-1.016607e+03
6.160000e-06	-5.940769e-09	-4.024683e-09	-3.130453e+01	-1.022861e+03
6.170000e-06	-6.018114e-09	-4.048936e-09	-3.171208e+01	-1.028892e+03
6.180000e-06	-6.094903e-09	-4.072281e-09	-3.211672e+01	-1.034726e+03
6.190000e-06	-6.171132e-09	-4.094643e-09	-3.251840e+01	-1.040388e+03
6.200000e-06	-6.246840e-09	-4.116438e-09	-3.291734e+01	-1.045902e+03
6.210000e-06	-6.322086e-09	-4.137823e-09	-3.331384e+01	-1.051291e+03
6.220000e-06	-6.396901e-09	-4.158747e-09	-3.370808e+01	-1.056570e+03
6.230000e-06	-6.471268e-09	-4.178911e-09	-3.409995e+01	-1.061753e+03
6.240000e-06	-6.545167e-09	-4.198345e-09	-3.448936e+01	-1.066845e+03
6.250000e-06	-6.618607e-09	-4.217686e-09	-3.487635e+01	-1.071847e+03
6.260000e-06	-6.691613e-09	-4.236724e-09	-3.526105e+01	-1.076753e+03
6.270000e-06	-6.764197e-09	-4.255162e-09	-3.564353e+01	-1.081556e+03
6.280000e-06	-6.836339e-09	-4.273347e-09	-3.602368e+01	-1.086244e+03
6.290000e-06	-6.907996e-09	-4.291273e-09	-3.640127e+01	-1.090805e+03
6.300000e-06	-6.979126e-09	-4.308771e-09	-3.677609e+01	-1.095230e+03
6.310000e-06	-7.049702e-09	-4.325705e-09	-3.714798e+01	-1.099511e+03
6.320000e-06	-7.119712e-09	-4.341781e-09	-3.751689e+01	-1.103644e+03
6.330000e-06	-7.189155e-09	-4.357154e-09	-3.788281e+01	-1.107632e+03
6.340000e-06	-7.258042e-09	-4.372334e-09	-3.824581e+01	-1.111480e+03
6.350000e-06	-7.326376e-09	-4.387445e-09	-3.860589e+01	-1.115199e+03
6.360000e-06	-7.394181e-09	-4.402375e-09	-3.896319e+01	-1.118803e+03
6.370000e-06	-7.461497e-09	-4.417263e-09	-3.931791e+01	-1.122310e+03
6.380000e-06	-7.528345e-09	-4.431989e-09	-3.967016e+01	-1.125735e+03
6.390000e-06	-7.594692e-09	-4.446080e-09	-4.001977e+01	-1.129096e+03
6.400000e-06	-7.660491e-09	-4.459364e-09	-4.036650e+01	-1.132407e+03
6.410000e-06	-7.725753e-09	-4.472120e-09	-4.071039e+01	-1.135677e+03
6.420000e-06	-7.790506e-09	-4.484504e-09	-4.105161e+01	-1.138912e+03
6.430000e-06	-7.854749e-09	-4.496413e-09	-4.139013e+01	-1.142112e+03
6.440000e-06	-7.918454e-09	-4.508385e-09	-4.172582e+01	-1.145275e+03
6.450000e-06	-7.981583e-09	-4.520644e-09	-4.205848e+01	-1.148393e+03
6.460000e-06	-8.044076e-09	-4.532854e-09	-4.238778e+01	-1.151456e+03
6.470000e-06	-8.105899e-09	-4.544779e-09	-4.271355e+01	-1.154454e+03
6.480000e-06	-8.167074e-09	-4.556245e-09	-4.303590e+01	-1.157377e+03
6.490000e-06	-8.227626e-09	-4.567113e-09	-4.335498e+01	-1.160216e+03
6.500000e-06	-8.287591e-09	-4.577486e-09	-4.367096e+01	-1.162967e+03
6.510000e-06	-8.347006e-09	-4.587815e-09	-4.398405e+01	-1.165629e+03
6.520000e-06	-8.405872e-09	-4.597823e-09	-4.429424e+01	-1.168206e+03
6.530000e-06	-8.464143e-09	-4.607734e-09	-4.460130e+01	-1.170707e+03
6.540000e-06	-8.521783e-09	-4.617816e-09	-4.490503e+01	-1.173143e+03
6.550000e-06	-8.578815e-09	-4.627651e-09	-4.520556e+01	-1.175527e+03
6.560000e-06	-8.635277e-09	-4.637422e-09	-4.550308e+01	-1.177875e+03
6.570000e-06	-8.691158e-09	-4.647046e-09	-4.579754e+01	-1.180201e+03
6.580000e-06	-8.746388e-09	-4.656431e-09	-4.608857e+01	-1.182516e+03
6.590000e-06	-8.800880e-09	-4.665441e-09	-4.637571e+01	-1.184831e+03
6.600000e-06	-8.854571e-09	-4.674278e-09	-4.665863e+01	-1.187147e+03
6.610000e-06	-8.907454e-09	-4.683105e-09	-4.693729e+01	-1.189466e+03
6.620000e-06	-8.959580e-09	-4.691467e-09	-4.721197e+01	-1.191782e+03
6.630000e-06	-9.011023e-09	-4.699086e-09	-4.748304e+01	-1.194086e+03
6.640000e-06	-9.061806e-09	-4.706585e-09	-4.775064e+01	-1.196365e+03
6.650000e-06	-9.111876e-09	-4.714799e-09	-4.801448e+01	-1.198608e+03
6.660000e-06	-9.161136e-09	-4.723313e-09	-4.827405e+01	-1.200800e+03
6.670000e-06	-9.209513e-09	-4.731513e-09	-4.852897e+01	-1.202931e+03
6.680000e-06	-9.257038e-09	-4.739383e-09	-4.877939e+01	-1.204993e+03
6.690000e-06	-9.303821e-09	-4.746845e-09	-4.902592e+01	-1.206981e+03
6.700000e-06	-9.349971e-09	-4.754157e-09	-4.926910e+01	-1.208897e+03
6.710000e-06	-9.395521e-09	-4.761299e-09	-4.950912e+01	-1.210746e+03
6.720000e-06	-9.440474e-09	-4.768034e-09	-4.974600e+01	-1.212538e+03
6.730000e-06	-9.484871e-09	-4.774668e-09	-4.997995e+01	-1.214286e+03
6.740000e-06	-9.528743e-09	-4.781538e-09	-5.021113e+01	-1.216003e+03
6.750000e-06	-9.572074e-09	-4.789043e-09	-5.043947e+01	-1.217705e+03
6.760000e-06	-9.614815e-09	-4.796614e-09	-5.066469e+01	-1.219404e+03
6.770000e-06	-9.656914e-09	-4.803294e-09	-5.088653e+01	-1.221109e+03
6.780000e-06	-9.698347e-09	-4.809051e-09	-5.110486e+01	-1.222826e+03
6.790000e-06	-9.739124e-09	-4.814731e-09	-5.131973e+01	-1.224555e+03
6.800000e-06	-9.779292e-09	-4.820845e-09	-5.153140e+01	-1.226291e+03
6.810000e-06	-9.818845e-09	-4.826866e-09	-5.173982e+01	-1.228026e+03
6.820000e-06	-9.857621e-09	-4.832615e-09	-5.194414e+01	-1.229747e+03
6.830000e-06	-9.895451e-09	-4.838561e-09	-5.214348e+01	-1.231439e+03
6.840000e-06	-9.932375e-09	-4.844993e-09	-5.233805e+01	-1.233087e+03
6.850000e-06	-9.968578e-09	-4.851572e-09	-5.252883e+01	-1.234678e+03
6.860000e-06	-1.000417e-08	-4.857562e-09	-5.271637e+01	-1.236201e+03
6.870000e-06	-1.003912e-08	-4.862555e-09	-5.290055e+01	-1.237651e+03
6.880000e-06	-1.007338e-08	-4.866941e-09	-5.308109e+01	-1.239025e+03
6.890000e-06	-1.010693e-08	-4.871601e-09	-5.325787e+01	-1.240327e+03
6.900000e-06	-1.013979e-08	-4.876691e-09	-5.343102e+01	-1.241567e+03
6.910000e-06	-1.017203e-08	-4.881809e-09	-5.360091e+01	-1.242757e+03
6.920000e-06	-1.020365e-08	-4.886775e-09	-5.376750e+01	-1.243912e+03
6.930000e-06	-1.023443e-08	-4.891754e-09	-5.392969e+01	-1.245048e+03
6.940000e-06	-1.026417e-08	-4.896907e-09	-5.408641e+01	-1.246178e+03
6.950000e-06	-1.029294e-08	-4.901813e-09	-5.423805e+01	-1.247315e+03
6.960000e-06	-1.032101e-08	-4.905906e-09	-5.438595e+01	-1.248466e+03
6.970000e-06	-1.034846e-08	-4.909535e-09	-5.453061e+01	-1.249633e+03
6.980000e-06	-1.037522e-08	-4.913511e-09	-5.467158e+01	-1.250812e+03
6.990000e-06	-1.040120e-08	-4.917866e-09	-5.480851e+01	-1.251994e+03
7.000000e-06	-1.042641e-08	-4.922146e-09	-5.494134e+01	-1.253167e+03
7.010000e-06	-1.045094e-08	-4.926169e-09	-5.507058e+01	-1.254314e+03
7.020000e-06	-1.047493e-08	-4.929950e-09	-5.519702e+01	-1.255419e+03
7.030000e-06	-1.049832e-08	-4.933579e-09	-5.532028e+01	-1.256466e+03
7.040000e-06	-1.052081e-08	-4.937281e-09	-5.543876e+01	-1.257443e+03
7.050000e-06	-1.054221e-08	-4.940855e-09	-5.555152e+01	-1.258341e+03
7.060000e-06	-1.056270e-08	-4.944067e-09	-5.565954e+01	-1.259156e+03
7.070000e-06	-1.058256e-08	-4.947172e-09	-5.576418e+01	-1.259894e+03
7.080000e-06	-1.060177e-08	-4.950554e-09	-5.586541e+01	-1.260562e+03
7.090000e-06	-1.062026e-08	-4.954137e-09	-5.596283e+01	-1.261176e+03
7.100000e-06	-1.063802e-08	-4.957473e-09	-5.605639e+01	-1.261752e+03
7.110000e-06	-1.065501e-08	-4.960414e-09	-5.614594e+01	-1.262308e+03
7.120000e-06	-1.067134e-08	-4.963150e-09	-5.623199e+01	-1.262864e+03
7.130000e-06	-1.068711e-08	-4.965821e-09	-5.631508e+01	-1.263434e+03
7.140000e-06	-1.070206e-08	-4.968381e-09	-5.639386e+01	-1.264027e+03
7.150000e-06	-1.071585e-08	-4.970912e-09	-5.646652e+01	-1.264648e+03
7.160000e-06	-1.072854e-08	-4.973363e-09	-5.653342e+01	-1.265293e+03
7.170000e-06	-1.074041e-08	-4.975470e-09	-5.659596e+01	-1.265952e+03
7.180000e-06	-1.075151e-08	-4.977466e-09	-5.665446e+01	-1.266610e+03
7.190000e-06	-1.076185e-08	-4.979741e-09	-5.670892e+01	-1.267247e+03
7.200000e-06	-1.077142e-08	-4.982090e-09	-5.675935e+01	-1.267840e+03
7.210000e-06	-1.078022e-08	-4.984044e-09	-5.680574e+01	-1.268370e+03
7.220000e-06	-1.078839e-08	-4.985659e-09	-5.684879e+01	-1.268817e+03
7.230000e-06	-1.079598e-08	-4.987134e-09	-5.688877e+01	-1.269170e+03
7.240000e-06	-1.080270e-08	-4.988473e-09	-5.692417e+01	-1.269423e+03
7.250000e-06	-1.080829e-08	-4.989892e-09	-5.695366e+01	-1.269579e+03
7.260000e-06	-1.081292e-08	-4.991159e-09	-5.697806e+01	-1.269650e+03
7.270000e-06	-1.081691e-08	-4.992040e-09	-5.699905e+01	-1.269653e+03
7.280000e-06	-1.082028e-08	-4.993160e-09	-5.701680e+01	-1.269613e+03
7.290000e-06	-1.082293e-08	-4.994735e-09	-5.703079e+01	-1.269557e+03
7.300000e-06	-1.082491e-08	-4.995948e-09	-5.704121e+01	-1.269512e+03
7.310000e-06	-1.082607e-08	-4.996173e-09	-5.704736e+01	-1.269502e+03
