# Temperatura_=_0.5132841328413281
# Concentracion g/m^3_=_19900.0
# C_Vs_to_Am_M_A/Vsm_=_254322799225.57578
# pendiente_HvsI_1/m_=_3716.3
# ordenada_HvsI_A/m_=_1297.0
# frecuencia_Hz_=_136618.48120615954
# Promedio de 271 ciclos

Tiempo_(s)	Campo_(V.s)	Magnetizacion_(V.s)	Campo_(kA/m)	Magnetizacion_(A/m)
0.000000e+00	-1.080162e-08	-5.170378e-09	-5.705369e+01	-1.315432e+03
1.000000e-08	-1.080154e-08	-5.170798e-09	-5.705326e+01	-1.315254e+03
2.000000e-08	-1.080080e-08	-5.171065e-09	-5.704935e+01	-1.314995e+03
3.000000e-08	-1.079907e-08	-5.171338e-09	-5.704023e+01	-1.314687e+03
4.000000e-08	-1.079629e-08	-5.171864e-09	-5.702555e+01	-1.314371e+03
5.000000e-08	-1.079271e-08	-5.171596e-09	-5.700662e+01	-1.314083e+03
6.000000e-08	-1.078857e-08	-5.171001e-09	-5.698476e+01	-1.313861e+03
7.000000e-08	-1.078385e-08	-5.171710e-09	-5.695982e+01	-1.313733e+03
8.000000e-08	-1.077840e-08	-5.172663e-09	-5.693106e+01	-1.313714e+03
9.000000e-08	-1.077211e-08	-5.169716e-09	-5.689785e+01	-1.313807e+03
1.000000e-07	-1.076481e-08	-5.164143e-09	-5.685925e+01	-1.313999e+03
1.100000e-07	-1.075620e-08	-5.166994e-09	-5.681377e+01	-1.314263e+03
1.200000e-07	-1.074610e-08	-5.175832e-09	-5.676044e+01	-1.314557e+03
1.300000e-07	-1.073503e-08	-5.177804e-09	-5.670196e+01	-1.314829e+03
1.400000e-07	-1.072371e-08	-5.161074e-09	-5.664216e+01	-1.315024e+03
1.500000e-07	-1.071193e-08	-5.152944e-09	-5.657995e+01	-1.315084e+03
1.600000e-07	-1.069914e-08	-5.179494e-09	-5.651238e+01	-1.314959e+03
1.700000e-07	-1.068553e-08	-5.185194e-09	-5.644049e+01	-1.314610e+03
1.800000e-07	-1.067141e-08	-5.154045e-09	-5.636593e+01	-1.314014e+03
1.900000e-07	-1.065622e-08	-5.157540e-09	-5.628569e+01	-1.313167e+03
2.000000e-07	-1.063979e-08	-5.182389e-09	-5.619891e+01	-1.312089e+03
2.100000e-07	-1.062278e-08	-5.158962e-09	-5.610905e+01	-1.310819e+03
2.200000e-07	-1.060527e-08	-5.135043e-09	-5.601656e+01	-1.309416e+03
2.300000e-07	-1.058685e-08	-5.168655e-09	-5.591929e+01	-1.307954e+03
2.400000e-07	-1.056763e-08	-5.183159e-09	-5.581775e+01	-1.306515e+03
2.500000e-07	-1.054789e-08	-5.152482e-09	-5.571350e+01	-1.305186e+03
2.600000e-07	-1.052746e-08	-5.159967e-09	-5.560559e+01	-1.304046e+03
2.700000e-07	-1.050624e-08	-5.174741e-09	-5.549350e+01	-1.303164e+03
2.800000e-07	-1.048435e-08	-5.135527e-09	-5.537791e+01	-1.302588e+03
2.900000e-07	-1.046167e-08	-5.118643e-09	-5.525811e+01	-1.302342e+03
3.000000e-07	-1.043819e-08	-5.139251e-09	-5.513406e+01	-1.302424e+03
3.100000e-07	-1.041419e-08	-5.118443e-09	-5.500729e+01	-1.302803e+03
3.200000e-07	-1.038955e-08	-5.095563e-09	-5.487713e+01	-1.303421e+03
3.300000e-07	-1.036390e-08	-5.130493e-09	-5.474166e+01	-1.304199e+03
3.400000e-07	-1.033724e-08	-5.147004e-09	-5.460087e+01	-1.305039e+03
3.500000e-07	-1.030980e-08	-5.129176e-09	-5.445589e+01	-1.305834e+03
3.600000e-07	-1.028171e-08	-5.155016e-09	-5.430754e+01	-1.306477e+03
3.700000e-07	-1.025306e-08	-5.175862e-09	-5.415621e+01	-1.306865e+03
3.800000e-07	-1.022371e-08	-5.143826e-09	-5.400120e+01	-1.306914e+03
3.900000e-07	-1.019351e-08	-5.138637e-09	-5.384167e+01	-1.306561e+03
4.000000e-07	-1.016254e-08	-5.146759e-09	-5.367808e+01	-1.305768e+03
4.100000e-07	-1.013093e-08	-5.107108e-09	-5.351116e+01	-1.304528e+03
4.200000e-07	-1.009873e-08	-5.090553e-09	-5.334105e+01	-1.302865e+03
4.300000e-07	-1.006584e-08	-5.100879e-09	-5.316732e+01	-1.300829e+03
4.400000e-07	-1.003203e-08	-5.074061e-09	-5.298874e+01	-1.298493e+03
4.500000e-07	-9.997203e-09	-5.059499e-09	-5.280479e+01	-1.295949e+03
4.600000e-07	-9.961583e-09	-5.074144e-09	-5.261665e+01	-1.293296e+03
4.700000e-07	-9.925373e-09	-5.063346e-09	-5.242539e+01	-1.290634e+03
4.800000e-07	-9.888545e-09	-5.054045e-09	-5.223086e+01	-1.288058e+03
4.900000e-07	-9.851022e-09	-5.058213e-09	-5.203267e+01	-1.285647e+03
5.000000e-07	-9.812783e-09	-5.045803e-09	-5.183069e+01	-1.283461e+03
5.100000e-07	-9.773846e-09	-5.040304e-09	-5.162503e+01	-1.281536e+03
5.200000e-07	-9.734298e-09	-5.044190e-09	-5.141613e+01	-1.279885e+03
5.300000e-07	-9.694170e-09	-5.033215e-09	-5.120418e+01	-1.278491e+03
5.400000e-07	-9.653316e-09	-5.026986e-09	-5.098839e+01	-1.277321e+03
5.500000e-07	-9.611529e-09	-5.028510e-09	-5.076767e+01	-1.276321e+03
5.600000e-07	-9.568765e-09	-5.017468e-09	-5.054180e+01	-1.275425e+03
5.700000e-07	-9.525156e-09	-5.010094e-09	-5.031145e+01	-1.274564e+03
5.800000e-07	-9.480891e-09	-5.010388e-09	-5.007765e+01	-1.273669e+03
5.900000e-07	-9.436070e-09	-5.001567e-09	-4.984091e+01	-1.272678e+03
6.000000e-07	-9.390662e-09	-4.993776e-09	-4.960106e+01	-1.271542e+03
6.100000e-07	-9.344596e-09	-4.992755e-09	-4.935774e+01	-1.270228e+03
6.200000e-07	-9.297868e-09	-4.985129e-09	-4.911093e+01	-1.268721e+03
6.300000e-07	-9.250493e-09	-4.976896e-09	-4.886069e+01	-1.267023e+03
6.400000e-07	-9.202462e-09	-4.971768e-09	-4.860700e+01	-1.265153e+03
6.500000e-07	-9.153691e-09	-4.962572e-09	-4.834939e+01	-1.263142e+03
6.600000e-07	-9.104015e-09	-4.954750e-09	-4.808700e+01	-1.261030e+03
6.700000e-07	-9.053350e-09	-4.951451e-09	-4.781940e+01	-1.258862e+03
6.800000e-07	-9.001779e-09	-4.945843e-09	-4.754700e+01	-1.256679e+03
6.900000e-07	-8.949414e-09	-4.938649e-09	-4.727041e+01	-1.254520e+03
7.000000e-07	-8.896336e-09	-4.931877e-09	-4.699006e+01	-1.252412e+03
7.100000e-07	-8.842599e-09	-4.922976e-09	-4.670622e+01	-1.250371e+03
7.200000e-07	-8.788241e-09	-4.914100e-09	-4.641910e+01	-1.248402e+03
7.300000e-07	-8.733343e-09	-4.906062e-09	-4.612913e+01	-1.246496e+03
7.400000e-07	-8.677963e-09	-4.895958e-09	-4.583662e+01	-1.244633e+03
7.500000e-07	-8.622075e-09	-4.887305e-09	-4.554142e+01	-1.242786e+03
7.600000e-07	-8.565620e-09	-4.881734e-09	-4.524322e+01	-1.240922e+03
7.700000e-07	-8.508502e-09	-4.875237e-09	-4.494153e+01	-1.239008e+03
7.800000e-07	-8.450599e-09	-4.867157e-09	-4.463569e+01	-1.237014e+03
7.900000e-07	-8.391897e-09	-4.858114e-09	-4.432563e+01	-1.234915e+03
8.000000e-07	-8.332490e-09	-4.847909e-09	-4.401185e+01	-1.232694e+03
8.100000e-07	-8.272466e-09	-4.837597e-09	-4.369480e+01	-1.230346e+03
8.200000e-07	-8.211878e-09	-4.828016e-09	-4.337478e+01	-1.227873e+03
8.300000e-07	-8.150726e-09	-4.818346e-09	-4.305177e+01	-1.225288e+03
8.400000e-07	-8.088986e-09	-4.808754e-09	-4.272566e+01	-1.222612e+03
8.500000e-07	-8.026678e-09	-4.799519e-09	-4.239655e+01	-1.219869e+03
8.600000e-07	-7.963865e-09	-4.791193e-09	-4.206478e+01	-1.217085e+03
8.700000e-07	-7.900586e-09	-4.782202e-09	-4.173054e+01	-1.214286e+03
8.800000e-07	-7.836837e-09	-4.770853e-09	-4.139382e+01	-1.211493e+03
8.900000e-07	-7.772602e-09	-4.758553e-09	-4.105453e+01	-1.208721e+03
9.000000e-07	-7.707811e-09	-4.747289e-09	-4.071231e+01	-1.205977e+03
9.100000e-07	-7.642364e-09	-4.736871e-09	-4.036662e+01	-1.203259e+03
9.200000e-07	-7.576216e-09	-4.726505e-09	-4.001723e+01	-1.200559e+03
9.300000e-07	-7.509412e-09	-4.715899e-09	-3.966438e+01	-1.197858e+03
9.400000e-07	-7.442030e-09	-4.704653e-09	-3.930847e+01	-1.195137e+03
9.500000e-07	-7.374119e-09	-4.692780e-09	-3.894976e+01	-1.192372e+03
9.600000e-07	-7.305715e-09	-4.681045e-09	-3.858845e+01	-1.189539e+03
9.700000e-07	-7.236845e-09	-4.669008e-09	-3.822469e+01	-1.186618e+03
9.800000e-07	-7.167498e-09	-4.656667e-09	-3.785840e+01	-1.183594e+03
9.900000e-07	-7.097650e-09	-4.644624e-09	-3.748946e+01	-1.180456e+03
1.000000e-06	-7.027303e-09	-4.632987e-09	-3.711789e+01	-1.177203e+03
1.010000e-06	-6.956498e-09	-4.621105e-09	-3.674390e+01	-1.173839e+03
1.020000e-06	-6.885271e-09	-4.608441e-09	-3.636769e+01	-1.170377e+03
1.030000e-06	-6.813610e-09	-4.594890e-09	-3.598917e+01	-1.166833e+03
1.040000e-06	-6.741456e-09	-4.581006e-09	-3.560806e+01	-1.163224e+03
1.050000e-06	-6.668751e-09	-4.567586e-09	-3.522403e+01	-1.159571e+03
1.060000e-06	-6.595456e-09	-4.554212e-09	-3.483689e+01	-1.155890e+03
1.070000e-06	-6.521547e-09	-4.540264e-09	-3.444651e+01	-1.152195e+03
1.080000e-06	-6.447032e-09	-4.526087e-09	-3.405293e+01	-1.148493e+03
1.090000e-06	-6.371918e-09	-4.511666e-09	-3.365618e+01	-1.144786e+03
1.100000e-06	-6.296224e-09	-4.496764e-09	-3.325637e+01	-1.141068e+03
1.110000e-06	-6.220008e-09	-4.481498e-09	-3.285380e+01	-1.137328e+03
1.120000e-06	-6.143328e-09	-4.465858e-09	-3.244878e+01	-1.133549e+03
1.130000e-06	-6.066218e-09	-4.449807e-09	-3.204149e+01	-1.129711e+03
1.140000e-06	-5.988682e-09	-4.433522e-09	-3.163195e+01	-1.125794e+03
1.150000e-06	-5.910699e-09	-4.417498e-09	-3.122005e+01	-1.121778e+03
1.160000e-06	-5.832248e-09	-4.401331e-09	-3.080567e+01	-1.117646e+03
1.170000e-06	-5.753323e-09	-4.384969e-09	-3.038879e+01	-1.113385e+03
1.180000e-06	-5.673928e-09	-4.368281e-09	-2.996943e+01	-1.108988e+03
1.190000e-06	-5.594057e-09	-4.351068e-09	-2.954756e+01	-1.104456e+03
1.200000e-06	-5.513686e-09	-4.332952e-09	-2.912304e+01	-1.099793e+03
1.210000e-06	-5.432817e-09	-4.314124e-09	-2.869590e+01	-1.095009e+03
1.220000e-06	-5.351482e-09	-4.294991e-09	-2.826629e+01	-1.090119e+03
1.230000e-06	-5.269735e-09	-4.275405e-09	-2.783450e+01	-1.085137e+03
1.240000e-06	-5.187649e-09	-4.255886e-09	-2.740093e+01	-1.080079e+03
1.250000e-06	-5.105256e-09	-4.236592e-09	-2.696573e+01	-1.074959e+03
1.260000e-06	-5.022576e-09	-4.217020e-09	-2.652902e+01	-1.069787e+03
1.270000e-06	-4.939624e-09	-4.196962e-09	-2.609087e+01	-1.064567e+03
1.280000e-06	-4.856395e-09	-4.175896e-09	-2.565125e+01	-1.059299e+03
1.290000e-06	-4.772881e-09	-4.153814e-09	-2.521014e+01	-1.053977e+03
1.300000e-06	-4.689070e-09	-4.131469e-09	-2.476745e+01	-1.048590e+03
1.310000e-06	-4.604955e-09	-4.109256e-09	-2.432315e+01	-1.043122e+03
1.320000e-06	-4.520541e-09	-4.086664e-09	-2.387728e+01	-1.037556e+03
1.330000e-06	-4.435841e-09	-4.063968e-09	-2.342990e+01	-1.031871e+03
1.340000e-06	-4.350845e-09	-4.040677e-09	-2.298095e+01	-1.026051e+03
1.350000e-06	-4.265544e-09	-4.016124e-09	-2.253039e+01	-1.020078e+03
1.360000e-06	-4.179947e-09	-3.991260e-09	-2.207827e+01	-1.013940e+03
1.370000e-06	-4.094065e-09	-3.966346e-09	-2.162465e+01	-1.007628e+03
1.380000e-06	-4.007918e-09	-3.940964e-09	-2.116962e+01	-1.001137e+03
1.390000e-06	-3.921524e-09	-3.914642e-09	-2.071329e+01	-9.944666e+02
1.400000e-06	-3.834906e-09	-3.887531e-09	-2.025578e+01	-9.876208e+02
1.410000e-06	-3.748077e-09	-3.860044e-09	-1.979715e+01	-9.806047e+02
1.420000e-06	-3.661034e-09	-3.832213e-09	-1.933739e+01	-9.734246e+02
1.430000e-06	-3.573773e-09	-3.803784e-09	-1.887648e+01	-9.660863e+02
1.440000e-06	-3.486281e-09	-3.774852e-09	-1.841435e+01	-9.585939e+02
1.450000e-06	-3.398548e-09	-3.745686e-09	-1.795095e+01	-9.509484e+02
1.460000e-06	-3.310549e-09	-3.716186e-09	-1.748614e+01	-9.431472e+02
1.470000e-06	-3.222253e-09	-3.685266e-09	-1.701976e+01	-9.351837e+02
1.480000e-06	-3.133650e-09	-3.652470e-09	-1.655177e+01	-9.270473e+02
1.490000e-06	-3.044758e-09	-3.618272e-09	-1.608225e+01	-9.187243e+02
1.500000e-06	-2.955608e-09	-3.583481e-09	-1.561136e+01	-9.101982e+02
1.510000e-06	-2.866231e-09	-3.548608e-09	-1.513927e+01	-9.014517e+02
1.520000e-06	-2.776654e-09	-3.513231e-09	-1.466614e+01	-8.924673e+02
1.530000e-06	-2.686906e-09	-3.476702e-09	-1.419209e+01	-8.832287e+02
1.540000e-06	-2.597005e-09	-3.438911e-09	-1.371724e+01	-8.737218e+02
1.550000e-06	-2.506950e-09	-3.400438e-09	-1.324158e+01	-8.639353e+02
1.560000e-06	-2.416732e-09	-3.361233e-09	-1.276505e+01	-8.538611e+02
1.570000e-06	-2.326348e-09	-3.320652e-09	-1.228765e+01	-8.434938e+02
1.580000e-06	-2.235789e-09	-3.278634e-09	-1.180932e+01	-8.328306e+02
1.590000e-06	-2.145040e-09	-3.235463e-09	-1.132999e+01	-8.218696e+02
1.600000e-06	-2.054088e-09	-3.191581e-09	-1.084959e+01	-8.106091e+02
1.610000e-06	-1.962941e-09	-3.146928e-09	-1.036815e+01	-7.990459e+02
1.620000e-06	-1.871599e-09	-3.100557e-09	-9.885689e+00	-7.871742e+02
1.630000e-06	-1.780062e-09	-3.052286e-09	-9.402193e+00	-7.749838e+02
1.640000e-06	-1.688344e-09	-3.002487e-09	-8.917744e+00	-7.624597e+02
1.650000e-06	-1.596479e-09	-2.951319e-09	-8.432514e+00	-7.495811e+02
1.660000e-06	-1.504501e-09	-2.898803e-09	-7.946692e+00	-7.363213e+02
1.670000e-06	-1.412444e-09	-2.844473e-09	-7.460448e+00	-7.226480e+02
1.680000e-06	-1.320320e-09	-2.787856e-09	-6.973852e+00	-7.085240e+02
1.690000e-06	-1.228122e-09	-2.729093e-09	-6.486868e+00	-6.939081e+02
1.700000e-06	-1.135850e-09	-2.668735e-09	-5.999490e+00	-6.787563e+02
1.710000e-06	-1.043504e-09	-2.606409e-09	-5.511720e+00	-6.630233e+02
1.720000e-06	-9.510697e-10	-2.540974e-09	-5.023486e+00	-6.466643e+02
1.730000e-06	-8.585420e-10	-2.472797e-09	-4.534757e+00	-6.296354e+02
1.740000e-06	-7.659289e-10	-2.402633e-09	-4.045577e+00	-6.118958e+02
1.750000e-06	-6.732404e-10	-2.330294e-09	-3.555999e+00	-5.934079e+02
1.760000e-06	-5.804918e-10	-2.255022e-09	-3.066104e+00	-5.741385e+02
1.770000e-06	-4.876970e-10	-2.176069e-09	-2.575964e+00	-5.540589e+02
1.780000e-06	-3.948735e-10	-2.093306e-09	-2.085673e+00	-5.331455e+02
1.790000e-06	-3.020384e-10	-2.007169e-09	-1.595321e+00	-5.113790e+02
1.800000e-06	-2.092072e-10	-1.917920e-09	-1.104990e+00	-4.887455e+02
1.810000e-06	-1.163957e-10	-1.825237e-09	-6.147619e-01	-4.652356e+02
1.820000e-06	-2.361354e-11	-1.728763e-09	-1.246894e-01	-4.408447e+02
1.830000e-06	6.915017e-11	-1.628398e-09	3.652857e-01	-4.155734e+02
1.840000e-06	1.619077e-10	-1.524223e-09	8.552284e-01	-3.894275e+02
1.850000e-06	2.546556e-10	-1.416645e-09	1.345120e+00	-3.624185e+02
1.860000e-06	3.473898e-10	-1.305641e-09	1.834939e+00	-3.345643e+02
1.870000e-06	4.401209e-10	-1.191004e-09	2.324742e+00	-3.058896e+02
1.880000e-06	5.328492e-10	-1.073125e-09	2.814531e+00	-2.764266e+02
1.890000e-06	6.255617e-10	-9.526828e-10	3.304236e+00	-2.462153e+02
1.900000e-06	7.182529e-10	-8.300994e-10	3.793828e+00	-2.153038e+02
1.910000e-06	8.109116e-10	-7.054268e-10	4.283249e+00	-1.837478e+02
1.920000e-06	9.035171e-10	-5.787130e-10	4.772388e+00	-1.516107e+02
1.930000e-06	9.960464e-10	-4.502869e-10	5.261126e+00	-1.189625e+02
1.940000e-06	1.088479e-09	-3.206966e-10	5.749350e+00	-8.587867e+01
1.950000e-06	1.180784e-09	-1.901447e-10	6.236905e+00	-5.243881e+01
1.960000e-06	1.272954e-09	-5.868057e-11	6.723746e+00	-1.872494e+01
1.970000e-06	1.365000e-09	7.380519e-11	7.209928e+00	1.518014e+01
1.980000e-06	1.456930e-09	2.073816e-10	7.695499e+00	4.919456e+01
1.990000e-06	1.548749e-09	3.415403e-10	8.180481e+00	8.323893e+01
2.000000e-06	1.640462e-09	4.754470e-10	8.664907e+00	1.172376e+02
2.010000e-06	1.732074e-09	6.089260e-10	9.148800e+00	1.511197e+02
2.020000e-06	1.823566e-09	7.419247e-10	9.632055e+00	1.848194e+02
2.030000e-06	1.914915e-09	8.740601e-10	1.011456e+01	2.182766e+02
2.040000e-06	2.006107e-09	1.004932e-09	1.059623e+01	2.514360e+02
2.050000e-06	2.097129e-09	1.134209e-09	1.107700e+01	2.842474e+02
2.060000e-06	2.187954e-09	1.262052e-09	1.155673e+01	3.166640e+02
2.070000e-06	2.278574e-09	1.388468e-09	1.203538e+01	3.486420e+02
2.080000e-06	2.368991e-09	1.512721e-09	1.251296e+01	3.801396e+02
2.090000e-06	2.459188e-09	1.633930e-09	1.298937e+01	4.111161e+02
2.100000e-06	2.549171e-09	1.752088e-09	1.346466e+01	4.415311e+02
2.110000e-06	2.638961e-09	1.867756e-09	1.393892e+01	4.713444e+02
2.120000e-06	2.728563e-09	1.980852e-09	1.441219e+01	5.005157e+02
2.130000e-06	2.817981e-09	2.091382e-09	1.488449e+01	5.290049e+02
2.140000e-06	2.907208e-09	2.199553e-09	1.535578e+01	5.567725e+02
2.150000e-06	2.996238e-09	2.305155e-09	1.582604e+01	5.837807e+02
2.160000e-06	3.085061e-09	2.408013e-09	1.629520e+01	6.099940e+02
2.170000e-06	3.173645e-09	2.507862e-09	1.676309e+01	6.353805e+02
2.180000e-06	3.261965e-09	2.604323e-09	1.722959e+01	6.599127e+02
2.190000e-06	3.350008e-09	2.697338e-09	1.769463e+01	6.835682e+02
2.200000e-06	3.437766e-09	2.786882e-09	1.815817e+01	7.063308e+02
2.210000e-06	3.525245e-09	2.872837e-09	1.862023e+01	7.281908e+02
2.220000e-06	3.612459e-09	2.955292e-09	1.908089e+01	7.491450e+02
2.230000e-06	3.699417e-09	3.034236e-09	1.954020e+01	7.691970e+02
2.240000e-06	3.786124e-09	3.109312e-09	1.999818e+01	7.883563e+02
2.250000e-06	3.872579e-09	3.180664e-09	2.045484e+01	8.066386e+02
2.260000e-06	3.958783e-09	3.248576e-09	2.091016e+01	8.240647e+02
2.270000e-06	4.044739e-09	3.312950e-09	2.136418e+01	8.406596e+02
2.280000e-06	4.130450e-09	3.373949e-09	2.181690e+01	8.564524e+02
2.290000e-06	4.215916e-09	3.431874e-09	2.226833e+01	8.714750e+02
2.300000e-06	4.301135e-09	3.487020e-09	2.271845e+01	8.857619e+02
2.310000e-06	4.386106e-09	3.539852e-09	2.316727e+01	8.993493e+02
2.320000e-06	4.470808e-09	3.590301e-09	2.361466e+01	9.122747e+02
2.330000e-06	4.555211e-09	3.638015e-09	2.406047e+01	9.245767e+02
2.340000e-06	4.639292e-09	3.683371e-09	2.450458e+01	9.362943e+02
2.350000e-06	4.723026e-09	3.726850e-09	2.494687e+01	9.474665e+02
2.360000e-06	4.806398e-09	3.768766e-09	2.538724e+01	9.581320e+02
2.370000e-06	4.889418e-09	3.809316e-09	2.582575e+01	9.683288e+02
2.380000e-06	4.972099e-09	3.848312e-09	2.626246e+01	9.780933e+02
2.390000e-06	5.054447e-09	3.885616e-09	2.669742e+01	9.874602e+02
2.400000e-06	5.136466e-09	3.921471e-09	2.713064e+01	9.964617e+02
2.410000e-06	5.218139e-09	3.955810e-09	2.756203e+01	1.005127e+03
2.420000e-06	5.299445e-09	3.988630e-09	2.799149e+01	1.013482e+03
2.430000e-06	5.380361e-09	4.019979e-09	2.841888e+01	1.021548e+03
2.440000e-06	5.460859e-09	4.049959e-09	2.884407e+01	1.029345e+03
2.450000e-06	5.540928e-09	4.079335e-09	2.926699e+01	1.036886e+03
2.460000e-06	5.620567e-09	4.108059e-09	2.968764e+01	1.044183e+03
2.470000e-06	5.699773e-09	4.135152e-09	3.010600e+01	1.051243e+03
2.480000e-06	5.778522e-09	4.161020e-09	3.052195e+01	1.058074e+03
2.490000e-06	5.856791e-09	4.186459e-09	3.093536e+01	1.064679e+03
2.500000e-06	5.934587e-09	4.211401e-09	3.134628e+01	1.071063e+03
2.510000e-06	6.011933e-09	4.235766e-09	3.175482e+01	1.077231e+03
2.520000e-06	6.088852e-09	4.259426e-09	3.216110e+01	1.083188e+03
2.530000e-06	6.165343e-09	4.282063e-09	3.256512e+01	1.088942e+03
2.540000e-06	6.241378e-09	4.304099e-09	3.296673e+01	1.094502e+03
2.550000e-06	6.316902e-09	4.326162e-09	3.336565e+01	1.099880e+03
2.560000e-06	6.391869e-09	4.347520e-09	3.376162e+01	1.105088e+03
2.570000e-06	6.466278e-09	4.368009e-09	3.415464e+01	1.110142e+03
2.580000e-06	6.540136e-09	4.387723e-09	3.454475e+01	1.115055e+03
2.590000e-06	6.613444e-09	4.406525e-09	3.493196e+01	1.119842e+03
2.600000e-06	6.686200e-09	4.425273e-09	3.531625e+01	1.124515e+03
2.610000e-06	6.758392e-09	4.443854e-09	3.569756e+01	1.129086e+03
2.620000e-06	6.830044e-09	4.461087e-09	3.607603e+01	1.133561e+03
2.630000e-06	6.901215e-09	4.477115e-09	3.645195e+01	1.137946e+03
2.640000e-06	6.971925e-09	4.493235e-09	3.682544e+01	1.142240e+03
2.650000e-06	7.042157e-09	4.509804e-09	3.719640e+01	1.146443e+03
2.660000e-06	7.111887e-09	4.525999e-09	3.756471e+01	1.150550e+03
2.670000e-06	7.181128e-09	4.541229e-09	3.793044e+01	1.154554e+03
2.680000e-06	7.249926e-09	4.555616e-09	3.829383e+01	1.158451e+03
2.690000e-06	7.318290e-09	4.569459e-09	3.865492e+01	1.162233e+03
2.700000e-06	7.386183e-09	4.583304e-09	3.901354e+01	1.165898e+03
2.710000e-06	7.453538e-09	4.596906e-09	3.936930e+01	1.169444e+03
2.720000e-06	7.520293e-09	4.609801e-09	3.972190e+01	1.172872e+03
2.730000e-06	7.586400e-09	4.622590e-09	4.007107e+01	1.176190e+03
2.740000e-06	7.651842e-09	4.635610e-09	4.041673e+01	1.179405e+03
2.750000e-06	7.716640e-09	4.648597e-09	4.075898e+01	1.182530e+03
2.760000e-06	7.780823e-09	4.661300e-09	4.109800e+01	1.185580e+03
2.770000e-06	7.844453e-09	4.673299e-09	4.143409e+01	1.188568e+03
2.780000e-06	7.907584e-09	4.684456e-09	4.176755e+01	1.191509e+03
2.790000e-06	7.970230e-09	4.695436e-09	4.209844e+01	1.194418e+03
2.800000e-06	8.032367e-09	4.706679e-09	4.242665e+01	1.197304e+03
2.810000e-06	8.093978e-09	4.718009e-09	4.275207e+01	1.200173e+03
2.820000e-06	8.155083e-09	4.729184e-09	4.307483e+01	1.203029e+03
2.830000e-06	8.215717e-09	4.740096e-09	4.339509e+01	1.205870e+03
2.840000e-06	8.275869e-09	4.750936e-09	4.371281e+01	1.208690e+03
2.850000e-06	8.335457e-09	4.761995e-09	4.402755e+01	1.211480e+03
2.860000e-06	8.394366e-09	4.773009e-09	4.433871e+01	1.214229e+03
2.870000e-06	8.452512e-09	4.783296e-09	4.464583e+01	1.216927e+03
2.880000e-06	8.509871e-09	4.792943e-09	4.494879e+01	1.219561e+03
2.890000e-06	8.566487e-09	4.802702e-09	4.524784e+01	1.222124e+03
2.900000e-06	8.622455e-09	4.812477e-09	4.554346e+01	1.224610e+03
2.910000e-06	8.677844e-09	4.822352e-09	4.583602e+01	1.227017e+03
2.920000e-06	8.732681e-09	4.832492e-09	4.612567e+01	1.229348e+03
2.930000e-06	8.786949e-09	4.842053e-09	4.641231e+01	1.231610e+03
2.940000e-06	8.840618e-09	4.851124e-09	4.669579e+01	1.233812e+03
2.950000e-06	8.893667e-09	4.860531e-09	4.697599e+01	1.235967e+03
2.960000e-06	8.946066e-09	4.869690e-09	4.725276e+01	1.238090e+03
2.970000e-06	8.997726e-09	4.877870e-09	4.752563e+01	1.240192e+03
2.980000e-06	9.048533e-09	4.886153e-09	4.779398e+01	1.242287e+03
2.990000e-06	9.098427e-09	4.894944e-09	4.805752e+01	1.244382e+03
3.000000e-06	9.147454e-09	4.903783e-09	4.831647e+01	1.246481e+03
3.010000e-06	9.195729e-09	4.912469e-09	4.857146e+01	1.248585e+03
3.020000e-06	9.243348e-09	4.920618e-09	4.882298e+01	1.250689e+03
3.030000e-06	9.290345e-09	4.928348e-09	4.907122e+01	1.252783e+03
3.040000e-06	9.336698e-09	4.935851e-09	4.931605e+01	1.254856e+03
3.050000e-06	9.382371e-09	4.943460e-09	4.955729e+01	1.256894e+03
3.060000e-06	9.427395e-09	4.951156e-09	4.979511e+01	1.258883e+03
3.070000e-06	9.471857e-09	4.958616e-09	5.002996e+01	1.260810e+03
3.080000e-06	9.515818e-09	4.966169e-09	5.026216e+01	1.262666e+03
3.090000e-06	9.559220e-09	4.973966e-09	5.049141e+01	1.264444e+03
3.100000e-06	9.601868e-09	4.981578e-09	5.071667e+01	1.266144e+03
3.110000e-06	9.643594e-09	4.988680e-09	5.093706e+01	1.267770e+03
3.120000e-06	9.684428e-09	4.995390e-09	5.115274e+01	1.269330e+03
3.130000e-06	9.724532e-09	5.001473e-09	5.136457e+01	1.270835e+03
3.140000e-06	9.764019e-09	5.007405e-09	5.157314e+01	1.272302e+03
3.150000e-06	9.802869e-09	5.014098e-09	5.177834e+01	1.273744e+03
3.160000e-06	9.841024e-09	5.020320e-09	5.197988e+01	1.275177e+03
3.170000e-06	9.878454e-09	5.025807e-09	5.217758e+01	1.276611e+03
3.180000e-06	9.915196e-09	5.031827e-09	5.237165e+01	1.278056e+03
3.190000e-06	9.951366e-09	5.038110e-09	5.256270e+01	1.279515e+03
3.200000e-06	9.986990e-09	5.043822e-09	5.275086e+01	1.280984e+03
3.210000e-06	1.002189e-08	5.049176e-09	5.293521e+01	1.282458e+03
3.220000e-06	1.005585e-08	5.054298e-09	5.311459e+01	1.283925e+03
3.230000e-06	1.008886e-08	5.059075e-09	5.328894e+01	1.285371e+03
3.240000e-06	1.012111e-08	5.064466e-09	5.345926e+01	1.286780e+03
3.250000e-06	1.015273e-08	5.070382e-09	5.362627e+01	1.288137e+03
3.260000e-06	1.018370e-08	5.075559e-09	5.378988e+01	1.289429e+03
3.270000e-06	1.021398e-08	5.079999e-09	5.394979e+01	1.290648e+03
3.280000e-06	1.024352e-08	5.084594e-09	5.410586e+01	1.291791e+03
3.290000e-06	1.027235e-08	5.089073e-09	5.425813e+01	1.292858e+03
3.300000e-06	1.030057e-08	5.093192e-09	5.440719e+01	1.293857e+03
3.310000e-06	1.032823e-08	5.097240e-09	5.455329e+01	1.294800e+03
3.320000e-06	1.035512e-08	5.101098e-09	5.469530e+01	1.295704e+03
3.330000e-06	1.038096e-08	5.105159e-09	5.483182e+01	1.296585e+03
3.340000e-06	1.040580e-08	5.109708e-09	5.496297e+01	1.297461e+03
3.350000e-06	1.042986e-08	5.113832e-09	5.509007e+01	1.298348e+03
3.360000e-06	1.045326e-08	5.117206e-09	5.521367e+01	1.299255e+03
3.370000e-06	1.047596e-08	5.120574e-09	5.533357e+01	1.300188e+03
3.380000e-06	1.049795e-08	5.124020e-09	5.544973e+01	1.301148e+03
3.390000e-06	1.051923e-08	5.127525e-09	5.556211e+01	1.302126e+03
3.400000e-06	1.053982e-08	5.130836e-09	5.567086e+01	1.303111e+03
3.410000e-06	1.055983e-08	5.133541e-09	5.577658e+01	1.304084e+03
3.420000e-06	1.057925e-08	5.135680e-09	5.587913e+01	1.305027e+03
3.430000e-06	1.059785e-08	5.138100e-09	5.597739e+01	1.305919e+03
3.440000e-06	1.061556e-08	5.141051e-09	5.607092e+01	1.306741e+03
3.450000e-06	1.063248e-08	5.143912e-09	5.616033e+01	1.307481e+03
3.460000e-06	1.064867e-08	5.146391e-09	5.624581e+01	1.308131e+03
3.470000e-06	1.066398e-08	5.148644e-09	5.632669e+01	1.308688e+03
3.480000e-06	1.067843e-08	5.151359e-09	5.640299e+01	1.309161e+03
3.490000e-06	1.069210e-08	5.154075e-09	5.647520e+01	1.309562e+03
3.500000e-06	1.070501e-08	5.155675e-09	5.654341e+01	1.309911e+03
3.510000e-06	1.071718e-08	5.156391e-09	5.660770e+01	1.310231e+03
3.520000e-06	1.072855e-08	5.157432e-09	5.666773e+01	1.310546e+03
3.530000e-06	1.073885e-08	5.159556e-09	5.672214e+01	1.310877e+03
3.540000e-06	1.074800e-08	5.162205e-09	5.677048e+01	1.311243e+03
3.550000e-06	1.075629e-08	5.164182e-09	5.681425e+01	1.311655e+03
3.560000e-06	1.076394e-08	5.165487e-09	5.685466e+01	1.312116e+03
3.570000e-06	1.077088e-08	5.166723e-09	5.689135e+01	1.312621e+03
3.580000e-06	1.077705e-08	5.167766e-09	5.692389e+01	1.313155e+03
3.590000e-06	1.078242e-08	5.168192e-09	5.695230e+01	1.313697e+03
3.600000e-06	1.078707e-08	5.168118e-09	5.697686e+01	1.314219e+03
3.610000e-06	1.079115e-08	5.168269e-09	5.699839e+01	1.314692e+03
3.620000e-06	1.079464e-08	5.169331e-09	5.701682e+01	1.315087e+03
3.630000e-06	1.079724e-08	5.170834e-09	5.703055e+01	1.315380e+03
3.640000e-06	1.079873e-08	5.171729e-09	5.703841e+01	1.315555e+03
3.650000e-06	1.079928e-08	5.171793e-09	5.704130e+01	1.315604e+03
3.660000e-06	1.079917e-08	5.171338e-09	5.704076e+01	1.315532e+03
3.670000e-06	1.079842e-08	5.170940e-09	5.703680e+01	1.315352e+03
3.680000e-06	1.079694e-08	5.170868e-09	5.702899e+01	1.315092e+03
3.690000e-06	1.079476e-08	5.171084e-09	5.701745e+01	1.314784e+03
3.700000e-06	1.079186e-08	5.170859e-09	5.700213e+01	1.314467e+03
3.710000e-06	1.078832e-08	5.170580e-09	5.698342e+01	1.314181e+03
3.720000e-06	1.078429e-08	5.170833e-09	5.696216e+01	1.313960e+03
3.730000e-06	1.077970e-08	5.169793e-09	5.693792e+01	1.313832e+03
3.740000e-06	1.077423e-08	5.169426e-09	5.690899e+01	1.313815e+03
3.750000e-06	1.076760e-08	5.177319e-09	5.687401e+01	1.313910e+03
3.760000e-06	1.075970e-08	5.176994e-09	5.683224e+01	1.314103e+03
3.770000e-06	1.075035e-08	5.161680e-09	5.678290e+01	1.314368e+03
3.780000e-06	1.073983e-08	5.152669e-09	5.672732e+01	1.314662e+03
3.790000e-06	1.072905e-08	5.168351e-09	5.667036e+01	1.314934e+03
3.800000e-06	1.071845e-08	5.181265e-09	5.661440e+01	1.315127e+03
3.810000e-06	1.070716e-08	5.159499e-09	5.655475e+01	1.315185e+03
3.820000e-06	1.069437e-08	5.147185e-09	5.648721e+01	1.315057e+03
3.830000e-06	1.068074e-08	5.172059e-09	5.641519e+01	1.314705e+03
3.840000e-06	1.066673e-08	5.179808e-09	5.634119e+01	1.314105e+03
3.850000e-06	1.065165e-08	5.144735e-09	5.626155e+01	1.313256e+03
3.860000e-06	1.063543e-08	5.140569e-09	5.617586e+01	1.312174e+03
3.870000e-06	1.061876e-08	5.162575e-09	5.608780e+01	1.310902e+03
3.880000e-06	1.060152e-08	5.138581e-09	5.599678e+01	1.309497e+03
3.890000e-06	1.058325e-08	5.114940e-09	5.590026e+01	1.308034e+03
3.900000e-06	1.056428e-08	5.142354e-09	5.580008e+01	1.306596e+03
3.910000e-06	1.054486e-08	5.154965e-09	5.569751e+01	1.305269e+03
3.920000e-06	1.052445e-08	5.117753e-09	5.558969e+01	1.304132e+03
3.930000e-06	1.050295e-08	5.113677e-09	5.547613e+01	1.303253e+03
3.940000e-06	1.048074e-08	5.126797e-09	5.535881e+01	1.302681e+03
3.950000e-06	1.045767e-08	5.085477e-09	5.523698e+01	1.302440e+03
3.960000e-06	1.043374e-08	5.065867e-09	5.511058e+01	1.302526e+03
3.970000e-06	1.040930e-08	5.096742e-09	5.498146e+01	1.302910e+03
3.980000e-06	1.038420e-08	5.093068e-09	5.484889e+01	1.303532e+03
3.990000e-06	1.035820e-08	5.080065e-09	5.471156e+01	1.304312e+03
4.000000e-06	1.033152e-08	5.122012e-09	5.457065e+01	1.305153e+03
4.010000e-06	1.030426e-08	5.142737e-09	5.442664e+01	1.305948e+03
4.020000e-06	1.027633e-08	5.128999e-09	5.427911e+01	1.306588e+03
4.030000e-06	1.024780e-08	5.160174e-09	5.412844e+01	1.306974e+03
4.040000e-06	1.021847e-08	5.188465e-09	5.397353e+01	1.307019e+03
4.050000e-06	1.018799e-08	5.161916e-09	5.381252e+01	1.306660e+03
4.060000e-06	1.015651e-08	5.161973e-09	5.364624e+01	1.305862e+03
4.070000e-06	1.012427e-08	5.174677e-09	5.347592e+01	1.304616e+03
4.080000e-06	1.009126e-08	5.133610e-09	5.330160e+01	1.302948e+03
4.090000e-06	1.005760e-08	5.116472e-09	5.312378e+01	1.300907e+03
4.100000e-06	1.002333e-08	5.119352e-09	5.294278e+01	1.298568e+03
4.110000e-06	9.988418e-09	5.079370e-09	5.275838e+01	1.296021e+03
4.120000e-06	9.952923e-09	5.066205e-09	5.257090e+01	1.293366e+03
4.130000e-06	9.916886e-09	5.075267e-09	5.238055e+01	1.290704e+03
4.140000e-06	9.880166e-09	5.053412e-09	5.218660e+01	1.288129e+03
4.150000e-06	9.842549e-09	5.054524e-09	5.198791e+01	1.285720e+03
4.160000e-06	9.803924e-09	5.060169e-09	5.178389e+01	1.283537e+03
4.170000e-06	9.764428e-09	5.038760e-09	5.157527e+01	1.281615e+03
4.180000e-06	9.724298e-09	5.039002e-09	5.136331e+01	1.279966e+03
4.190000e-06	9.683557e-09	5.041605e-09	5.114812e+01	1.278576e+03
4.200000e-06	9.642100e-09	5.023242e-09	5.092914e+01	1.277408e+03
4.210000e-06	9.599908e-09	5.023610e-09	5.070628e+01	1.276409e+03
4.220000e-06	9.557019e-09	5.025340e-09	5.047974e+01	1.275514e+03
4.230000e-06	9.513519e-09	5.008530e-09	5.024998e+01	1.274653e+03
4.240000e-06	9.469506e-09	5.004313e-09	5.001750e+01	1.273757e+03
4.250000e-06	9.424953e-09	5.004997e-09	4.978218e+01	1.272765e+03
4.260000e-06	9.379745e-09	4.992464e-09	4.954339e+01	1.271627e+03
4.270000e-06	9.333808e-09	4.985054e-09	4.930075e+01	1.270311e+03
4.280000e-06	9.287162e-09	4.983766e-09	4.905437e+01	1.268802e+03
4.290000e-06	9.239859e-09	4.975864e-09	4.880452e+01	1.267102e+03
4.300000e-06	9.191869e-09	4.968619e-09	4.855104e+01	1.265229e+03
4.310000e-06	9.143117e-09	4.963446e-09	4.829353e+01	1.263217e+03
4.320000e-06	9.093589e-09	4.953867e-09	4.803193e+01	1.261104e+03
4.330000e-06	9.043345e-09	4.944772e-09	4.776654e+01	1.258935e+03
4.340000e-06	8.992424e-09	4.938662e-09	4.749758e+01	1.256753e+03
4.350000e-06	8.940772e-09	4.931154e-09	4.722475e+01	1.254594e+03
4.360000e-06	8.888305e-09	4.925581e-09	4.694763e+01	1.252486e+03
4.370000e-06	8.834997e-09	4.919905e-09	4.666606e+01	1.250447e+03
4.380000e-06	8.780867e-09	4.910173e-09	4.638015e+01	1.248479e+03
4.390000e-06	8.725998e-09	4.901958e-09	4.609033e+01	1.246573e+03
4.400000e-06	8.670490e-09	4.893760e-09	4.579714e+01	1.244711e+03
4.410000e-06	8.614395e-09	4.882068e-09	4.550084e+01	1.242864e+03
4.420000e-06	8.557729e-09	4.872674e-09	4.520154e+01	1.240999e+03
4.430000e-06	8.500488e-09	4.865738e-09	4.489919e+01	1.239085e+03
4.440000e-06	8.442634e-09	4.857868e-09	4.459361e+01	1.237089e+03
4.450000e-06	8.384159e-09	4.849966e-09	4.428475e+01	1.234988e+03
4.460000e-06	8.325100e-09	4.841611e-09	4.397280e+01	1.232766e+03
4.470000e-06	8.265475e-09	4.831138e-09	4.365786e+01	1.230416e+03
4.480000e-06	8.205256e-09	4.820062e-09	4.333979e+01	1.227942e+03
4.490000e-06	8.144394e-09	4.809911e-09	4.301832e+01	1.225356e+03
4.500000e-06	8.082850e-09	4.800114e-09	4.269325e+01	1.222679e+03
4.510000e-06	8.020590e-09	4.790227e-09	4.236439e+01	1.219935e+03
4.520000e-06	7.957641e-09	4.780733e-09	4.203190e+01	1.217151e+03
4.530000e-06	7.894111e-09	4.771638e-09	4.169633e+01	1.214352e+03
4.540000e-06	7.830086e-09	4.762167e-09	4.135816e+01	1.211559e+03
4.550000e-06	7.765575e-09	4.751408e-09	4.101741e+01	1.208787e+03
4.560000e-06	7.700549e-09	4.739552e-09	4.067394e+01	1.206044e+03
4.570000e-06	7.634970e-09	4.727610e-09	4.032756e+01	1.203326e+03
4.580000e-06	7.568827e-09	4.716280e-09	3.997819e+01	1.200625e+03
4.590000e-06	7.502154e-09	4.705410e-09	3.962603e+01	1.197925e+03
4.600000e-06	7.434996e-09	4.694149e-09	3.927130e+01	1.195204e+03
4.610000e-06	7.367346e-09	4.682295e-09	3.891398e+01	1.192438e+03
4.620000e-06	7.299161e-09	4.670066e-09	3.855383e+01	1.189604e+03
4.630000e-06	7.230422e-09	4.657734e-09	3.819075e+01	1.186682e+03
4.640000e-06	7.161119e-09	4.645261e-09	3.782470e+01	1.183656e+03
4.650000e-06	7.091234e-09	4.632324e-09	3.745557e+01	1.180516e+03
4.660000e-06	7.020774e-09	4.619090e-09	3.708340e+01	1.177262e+03
4.670000e-06	6.949773e-09	4.606267e-09	3.670838e+01	1.173897e+03
4.680000e-06	6.878259e-09	4.593236e-09	3.633065e+01	1.170434e+03
4.690000e-06	6.806259e-09	4.579434e-09	3.595034e+01	1.166889e+03
4.700000e-06	6.733808e-09	4.564866e-09	3.556766e+01	1.163279e+03
4.710000e-06	6.660920e-09	4.550405e-09	3.518267e+01	1.159626e+03
4.720000e-06	6.587575e-09	4.536529e-09	3.479526e+01	1.155945e+03
4.730000e-06	6.513735e-09	4.522893e-09	3.440524e+01	1.152249e+03
4.740000e-06	6.439397e-09	4.508872e-09	3.401259e+01	1.148547e+03
4.750000e-06	6.364586e-09	4.494188e-09	3.361744e+01	1.144840e+03
4.760000e-06	6.289300e-09	4.479015e-09	3.321979e+01	1.141122e+03
4.770000e-06	6.213517e-09	4.463530e-09	3.281950e+01	1.137382e+03
4.780000e-06	6.137216e-09	4.447932e-09	3.241648e+01	1.133602e+03
4.790000e-06	6.060391e-09	4.432058e-09	3.201070e+01	1.129763e+03
4.800000e-06	5.983065e-09	4.415741e-09	3.160227e+01	1.125845e+03
4.810000e-06	5.905262e-09	4.399325e-09	3.119132e+01	1.121828e+03
4.820000e-06	5.826988e-09	4.382761e-09	3.077788e+01	1.117694e+03
4.830000e-06	5.748223e-09	4.365725e-09	3.036185e+01	1.113431e+03
4.840000e-06	5.668953e-09	4.348221e-09	2.994315e+01	1.109033e+03
4.850000e-06	5.589195e-09	4.330180e-09	2.952187e+01	1.104499e+03
4.860000e-06	5.508987e-09	4.311911e-09	2.909821e+01	1.099835e+03
4.870000e-06	5.428380e-09	4.293941e-09	2.867245e+01	1.095050e+03
4.880000e-06	5.347413e-09	4.275469e-09	2.824478e+01	1.090158e+03
4.890000e-06	5.266100e-09	4.256367e-09	2.781529e+01	1.085175e+03
4.900000e-06	5.184453e-09	4.237348e-09	2.738404e+01	1.080117e+03
4.910000e-06	5.102479e-09	4.217740e-09	2.695105e+01	1.074996e+03
4.920000e-06	5.020188e-09	4.197466e-09	2.651640e+01	1.069823e+03
4.930000e-06	4.937597e-09	4.176863e-09	2.608015e+01	1.064602e+03
4.940000e-06	4.854720e-09	4.155841e-09	2.564240e+01	1.059334e+03
4.950000e-06	4.771570e-09	4.134400e-09	2.520320e+01	1.054011e+03
4.960000e-06	4.688135e-09	4.113230e-09	2.476250e+01	1.048623e+03
4.970000e-06	4.604388e-09	4.092071e-09	2.432015e+01	1.043154e+03
4.980000e-06	4.520289e-09	4.070325e-09	2.387594e+01	1.037586e+03
4.990000e-06	4.435810e-09	4.048179e-09	2.342973e+01	1.031901e+03
5.000000e-06	4.350941e-09	4.025207e-09	2.298145e+01	1.026078e+03
5.010000e-06	4.265700e-09	4.001106e-09	2.253122e+01	1.020103e+03
5.020000e-06	4.180127e-09	3.976525e-09	2.207922e+01	1.013963e+03
5.030000e-06	4.094244e-09	3.951856e-09	2.162559e+01	1.007648e+03
5.040000e-06	4.008059e-09	3.926912e-09	2.117037e+01	1.001155e+03
5.050000e-06	3.921572e-09	3.901669e-09	2.071355e+01	9.944831e+02
5.060000e-06	3.834783e-09	3.875941e-09	2.025514e+01	9.876352e+02
5.070000e-06	3.747692e-09	3.849444e-09	1.979513e+01	9.806170e+02
5.080000e-06	3.660301e-09	3.822410e-09	1.933353e+01	9.734350e+02
5.090000e-06	3.572620e-09	3.794288e-09	1.887040e+01	9.660948e+02
5.100000e-06	3.484650e-09	3.764582e-09	1.840575e+01	9.586005e+02
5.110000e-06	3.396420e-09	3.733834e-09	1.793972e+01	9.509532e+02
5.120000e-06	3.307954e-09	3.702489e-09	1.747245e+01	9.431502e+02
5.130000e-06	3.219256e-09	3.670804e-09	1.700395e+01	9.351847e+02
5.140000e-06	3.130334e-09	3.638685e-09	1.653426e+01	9.270462e+02
5.150000e-06	3.041199e-09	3.605601e-09	1.606346e+01	9.187208e+02
5.160000e-06	2.951857e-09	3.571168e-09	1.559155e+01	9.101922e+02
5.170000e-06	2.862329e-09	3.536029e-09	1.511867e+01	9.014429e+02
5.180000e-06	2.772643e-09	3.500902e-09	1.464495e+01	8.924555e+02
5.190000e-06	2.682810e-09	3.464894e-09	1.417046e+01	8.832137e+02
5.200000e-06	2.592834e-09	3.427306e-09	1.369521e+01	8.737035e+02
5.210000e-06	2.502707e-09	3.388461e-09	1.321916e+01	8.639135e+02
5.220000e-06	2.412429e-09	3.348493e-09	1.274231e+01	8.538358e+02
5.230000e-06	2.321999e-09	3.308076e-09	1.226467e+01	8.434650e+02
5.240000e-06	2.231418e-09	3.267419e-09	1.178622e+01	8.327981e+02
5.250000e-06	2.140684e-09	3.225301e-09	1.130697e+01	8.218335e+02
5.260000e-06	2.049798e-09	3.182073e-09	1.082691e+01	8.105694e+02
5.270000e-06	1.958760e-09	3.137931e-09	1.034605e+01	7.990026e+02
5.280000e-06	1.867571e-09	3.092071e-09	9.864389e+00	7.871272e+02
5.290000e-06	1.776225e-09	3.044602e-09	9.381904e+00	7.749329e+02
5.300000e-06	1.684733e-09	2.994830e-09	8.898644e+00	7.624048e+02
5.310000e-06	1.593130e-09	2.943101e-09	8.414799e+00	7.495218e+02
5.320000e-06	1.501446e-09	2.890468e-09	7.930532e+00	7.362573e+02
5.330000e-06	1.409696e-09	2.836858e-09	7.445909e+00	7.225789e+02
5.340000e-06	1.317878e-09	2.781582e-09	6.960930e+00	7.084493e+02
5.350000e-06	1.225984e-09	2.724380e-09	6.475550e+00	6.938273e+02
5.360000e-06	1.134002e-09	2.665191e-09	5.989703e+00	6.786689e+02
5.370000e-06	1.041921e-09	2.603802e-09	5.503335e+00	6.629288e+02
5.380000e-06	9.497307e-10	2.539830e-09	5.016391e+00	6.465621e+02
5.390000e-06	8.574319e-10	2.472815e-09	4.528872e+00	6.295252e+02
5.400000e-06	7.650402e-10	2.402836e-09	4.040864e+00	6.117770e+02
5.410000e-06	6.725754e-10	2.330020e-09	3.552469e+00	5.932802e+02
5.420000e-06	5.800525e-10	2.254564e-09	3.063768e+00	5.740016e+02
5.430000e-06	4.874835e-10	2.176960e-09	2.574823e+00	5.539126e+02
5.440000e-06	3.948732e-10	2.096709e-09	2.085660e+00	5.329895e+02
5.450000e-06	3.022471e-10	2.012944e-09	1.596413e+00	5.112132e+02
5.460000e-06	2.096260e-10	1.925800e-09	1.107194e+00	4.885697e+02
5.470000e-06	1.170169e-10	1.834931e-09	6.180370e-01	4.650497e+02
5.480000e-06	2.442693e-11	1.739715e-09	1.289816e-01	4.406488e+02
5.490000e-06	-6.813923e-11	1.640320e-09	-3.599482e-01	4.153674e+02
5.500000e-06	-1.606890e-10	1.537573e-09	-8.487915e-01	3.892114e+02
5.510000e-06	-2.532310e-10	1.431756e-09	-1.337594e+00	3.621924e+02
5.520000e-06	-3.457636e-10	1.322503e-09	-1.826347e+00	3.343283e+02
5.530000e-06	-4.382899e-10	1.209755e-09	-2.315066e+00	3.056441e+02
5.540000e-06	-5.308053e-10	1.093798e-09	-2.803728e+00	2.761719e+02
5.550000e-06	-6.233058e-10	9.752856e-10	-3.292311e+00	2.459518e+02
5.560000e-06	-7.157732e-10	8.544566e-10	-3.780719e+00	2.150320e+02
5.570000e-06	-8.081780e-10	7.308965e-10	-4.268797e+00	1.834683e+02
5.580000e-06	-9.004995e-10	6.050939e-10	-4.756435e+00	1.513243e+02
5.590000e-06	-9.927135e-10	4.777849e-10	-5.243505e+00	1.186700e+02
5.600000e-06	-1.084806e-09	3.486733e-10	-5.729934e+00	8.558106e+01
5.610000e-06	-1.176774e-09	2.176609e-10	-6.215708e+00	5.213702e+01
5.620000e-06	-1.268615e-09	8.573569e-11	-6.700806e+00	1.841999e+01
5.630000e-06	-1.360335e-09	-4.654718e-11	-7.185266e+00	-1.548720e+01
5.640000e-06	-1.451948e-09	-1.791951e-10	-7.669161e+00	-4.950269e+01
5.650000e-06	-1.543464e-09	-3.120569e-10	-8.152548e+00	-8.354711e+01
5.660000e-06	-1.634885e-09	-4.450963e-10	-8.635429e+00	-1.175449e+02
5.670000e-06	-1.726212e-09	-5.787437e-10	-9.117818e+00	-1.514250e+02
5.680000e-06	-1.817435e-09	-7.128231e-10	-9.599655e+00	-1.851221e+02
5.690000e-06	-1.908540e-09	-8.459214e-10	-1.008087e+01	-2.185757e+02
5.700000e-06	-1.999521e-09	-9.774467e-10	-1.056143e+01	-2.517310e+02
5.710000e-06	-2.090358e-09	-1.107552e-09	-1.104122e+01	-2.845374e+02
5.720000e-06	-2.181039e-09	-1.235827e-09	-1.152020e+01	-3.169485e+02
5.730000e-06	-2.271564e-09	-1.362016e-09	-1.199835e+01	-3.489204e+02
5.740000e-06	-2.361917e-09	-1.486043e-09	-1.247559e+01	-3.804115e+02
5.750000e-06	-2.452089e-09	-1.607897e-09	-1.295187e+01	-4.113809e+02
5.760000e-06	-2.542081e-09	-1.727668e-09	-1.342721e+01	-4.417883e+02
5.770000e-06	-2.631900e-09	-1.844951e-09	-1.390163e+01	-4.715936e+02
5.780000e-06	-2.721563e-09	-1.959324e-09	-1.437522e+01	-5.007564e+02
5.790000e-06	-2.811073e-09	-2.070508e-09	-1.484802e+01	-5.292366e+02
5.800000e-06	-2.900421e-09	-2.178804e-09	-1.531995e+01	-5.569949e+02
5.810000e-06	-2.989598e-09	-2.284406e-09	-1.579098e+01	-5.839934e+02
5.820000e-06	-3.078599e-09	-2.386963e-09	-1.626108e+01	-6.101967e+02
5.830000e-06	-3.167411e-09	-2.486787e-09	-1.673018e+01	-6.355729e+02
5.840000e-06	-3.256015e-09	-2.584010e-09	-1.719818e+01	-6.600946e+02
5.850000e-06	-3.344392e-09	-2.678311e-09	-1.766499e+01	-6.837394e+02
5.860000e-06	-3.432517e-09	-2.769768e-09	-1.813046e+01	-7.064914e+02
5.870000e-06	-3.520366e-09	-2.857728e-09	-1.859447e+01	-7.283407e+02
5.880000e-06	-3.607925e-09	-2.941164e-09	-1.905696e+01	-7.492844e+02
5.890000e-06	-3.695176e-09	-3.020601e-09	-1.951782e+01	-7.693259e+02
5.900000e-06	-3.782108e-09	-3.096645e-09	-1.997699e+01	-7.884751e+02
5.910000e-06	-3.868724e-09	-3.168963e-09	-2.043449e+01	-8.067476e+02
5.920000e-06	-3.955037e-09	-3.237599e-09	-2.089039e+01	-8.241640e+02
5.930000e-06	-4.041060e-09	-3.303034e-09	-2.134476e+01	-8.407498e+02
5.940000e-06	-4.126805e-09	-3.365501e-09	-2.179766e+01	-8.565337e+02
5.950000e-06	-4.212268e-09	-3.424886e-09	-2.224906e+01	-8.715479e+02
5.960000e-06	-4.297427e-09	-3.481252e-09	-2.269887e+01	-8.858267e+02
5.970000e-06	-4.382265e-09	-3.534093e-09	-2.314698e+01	-8.994065e+02
5.980000e-06	-4.466755e-09	-3.583764e-09	-2.359325e+01	-9.123247e+02
5.990000e-06	-4.550865e-09	-3.631606e-09	-2.403751e+01	-9.246199e+02
6.000000e-06	-4.634594e-09	-3.677989e-09	-2.447977e+01	-9.363310e+02
6.010000e-06	-4.717968e-09	-3.722656e-09	-2.492015e+01	-9.474972e+02
6.020000e-06	-4.801015e-09	-3.765187e-09	-2.535880e+01	-9.581571e+02
6.030000e-06	-4.883748e-09	-3.805537e-09	-2.579579e+01	-9.683486e+02
6.040000e-06	-4.966165e-09	-3.844293e-09	-2.623112e+01	-9.781083e+02
6.050000e-06	-5.048258e-09	-3.881957e-09	-2.666473e+01	-9.874707e+02
6.060000e-06	-5.130019e-09	-3.918459e-09	-2.709659e+01	-9.964681e+02
6.070000e-06	-5.211454e-09	-3.953427e-09	-2.752673e+01	-1.005130e+03
6.080000e-06	-5.292581e-09	-3.986718e-09	-2.795523e+01	-1.013481e+03
6.090000e-06	-5.373404e-09	-4.018692e-09	-2.838214e+01	-1.021544e+03
6.100000e-06	-5.453894e-09	-4.049942e-09	-2.880729e+01	-1.029338e+03
6.110000e-06	-5.533998e-09	-4.080037e-09	-2.923039e+01	-1.036876e+03
6.120000e-06	-5.613665e-09	-4.108204e-09	-2.965119e+01	-1.044170e+03
6.130000e-06	-5.692849e-09	-4.134762e-09	-3.006944e+01	-1.051228e+03
6.140000e-06	-5.771526e-09	-4.160707e-09	-3.048500e+01	-1.058056e+03
6.150000e-06	-5.849690e-09	-4.186461e-09	-3.089786e+01	-1.064658e+03
6.160000e-06	-5.927344e-09	-4.211258e-09	-3.130802e+01	-1.071040e+03
6.170000e-06	-6.004468e-09	-4.235047e-09	-3.171538e+01	-1.077205e+03
6.180000e-06	-6.081029e-09	-4.258267e-09	-3.211977e+01	-1.083160e+03
6.190000e-06	-6.157044e-09	-4.281025e-09	-3.252128e+01	-1.088911e+03
6.200000e-06	-6.232561e-09	-4.303143e-09	-3.292016e+01	-1.094469e+03
6.210000e-06	-6.307625e-09	-4.324253e-09	-3.331664e+01	-1.099844e+03
6.220000e-06	-6.382258e-09	-4.344381e-09	-3.371085e+01	-1.105051e+03
6.230000e-06	-6.456454e-09	-4.364043e-09	-3.410275e+01	-1.110103e+03
6.240000e-06	-6.530188e-09	-4.383713e-09	-3.449221e+01	-1.115014e+03
6.250000e-06	-6.603469e-09	-4.403272e-09	-3.487928e+01	-1.119800e+03
6.260000e-06	-6.676324e-09	-4.422220e-09	-3.526410e+01	-1.124472e+03
6.270000e-06	-6.748760e-09	-4.440573e-09	-3.564670e+01	-1.129041e+03
6.280000e-06	-6.820749e-09	-4.458488e-09	-3.602695e+01	-1.133516e+03
6.290000e-06	-6.892248e-09	-4.475638e-09	-3.640460e+01	-1.137899e+03
6.300000e-06	-6.963215e-09	-4.492112e-09	-3.677944e+01	-1.142192e+03
6.310000e-06	-7.033617e-09	-4.508428e-09	-3.715130e+01	-1.146394e+03
6.320000e-06	-7.103443e-09	-4.524470e-09	-3.752012e+01	-1.150499e+03
6.330000e-06	-7.172698e-09	-4.539799e-09	-3.788592e+01	-1.154503e+03
6.340000e-06	-7.241398e-09	-4.554978e-09	-3.824879e+01	-1.158398e+03
6.350000e-06	-7.309556e-09	-4.570260e-09	-3.860880e+01	-1.162179e+03
6.360000e-06	-7.377202e-09	-4.584985e-09	-3.896610e+01	-1.165842e+03
6.370000e-06	-7.444376e-09	-4.598993e-09	-3.932091e+01	-1.169387e+03
6.380000e-06	-7.511086e-09	-4.612761e-09	-3.967327e+01	-1.172814e+03
6.390000e-06	-7.577291e-09	-4.626349e-09	-4.002296e+01	-1.176130e+03
6.400000e-06	-7.642946e-09	-4.639374e-09	-4.036975e+01	-1.179344e+03
6.410000e-06	-7.708064e-09	-4.651757e-09	-4.071370e+01	-1.182469e+03
6.420000e-06	-7.772680e-09	-4.663866e-09	-4.105500e+01	-1.185517e+03
6.430000e-06	-7.836784e-09	-4.676259e-09	-4.139360e+01	-1.188504e+03
6.440000e-06	-7.900349e-09	-4.688855e-09	-4.172934e+01	-1.191446e+03
6.450000e-06	-7.963331e-09	-4.700901e-09	-4.206201e+01	-1.194354e+03
6.460000e-06	-8.025669e-09	-4.712210e-09	-4.239127e+01	-1.197239e+03
6.470000e-06	-8.087339e-09	-4.723455e-09	-4.271701e+01	-1.200109e+03
6.480000e-06	-8.148357e-09	-4.735133e-09	-4.303931e+01	-1.202965e+03
6.490000e-06	-8.208764e-09	-4.746449e-09	-4.335837e+01	-1.205805e+03
6.500000e-06	-8.268596e-09	-4.756655e-09	-4.367440e+01	-1.208624e+03
6.510000e-06	-8.327888e-09	-4.766117e-09	-4.398758e+01	-1.211414e+03
6.520000e-06	-8.386640e-09	-4.775941e-09	-4.429791e+01	-1.214163e+03
6.530000e-06	-8.444788e-09	-4.786315e-09	-4.460504e+01	-1.216860e+03
6.540000e-06	-8.502300e-09	-4.796615e-09	-4.490882e+01	-1.219493e+03
6.550000e-06	-8.559208e-09	-4.806472e-09	-4.520940e+01	-1.222056e+03
6.560000e-06	-8.615547e-09	-4.815909e-09	-4.550699e+01	-1.224540e+03
6.570000e-06	-8.671305e-09	-4.825336e-09	-4.580149e+01	-1.226947e+03
6.580000e-06	-8.726402e-09	-4.834845e-09	-4.609252e+01	-1.229277e+03
6.590000e-06	-8.780739e-09	-4.844196e-09	-4.637952e+01	-1.231537e+03
6.600000e-06	-8.834264e-09	-4.853086e-09	-4.666223e+01	-1.233739e+03
6.610000e-06	-8.886998e-09	-4.861482e-09	-4.694077e+01	-1.235894e+03
6.620000e-06	-8.938988e-09	-4.869301e-09	-4.721538e+01	-1.238016e+03
6.630000e-06	-8.990303e-09	-4.877166e-09	-4.748642e+01	-1.240118e+03
6.640000e-06	-9.040971e-09	-4.885570e-09	-4.775405e+01	-1.242213e+03
6.650000e-06	-9.090923e-09	-4.894033e-09	-4.801789e+01	-1.244308e+03
6.660000e-06	-9.140051e-09	-4.902313e-09	-4.827738e+01	-1.246407e+03
6.670000e-06	-9.188304e-09	-4.910565e-09	-4.853225e+01	-1.248511e+03
6.680000e-06	-9.235705e-09	-4.918750e-09	-4.878262e+01	-1.250614e+03
6.690000e-06	-9.282377e-09	-4.926369e-09	-4.902914e+01	-1.252708e+03
6.700000e-06	-9.328434e-09	-4.933158e-09	-4.927241e+01	-1.254781e+03
6.710000e-06	-9.373881e-09	-4.940005e-09	-4.951246e+01	-1.256818e+03
6.720000e-06	-9.418734e-09	-4.947309e-09	-4.974937e+01	-1.258807e+03
6.730000e-06	-9.463039e-09	-4.954521e-09	-4.998339e+01	-1.260733e+03
6.740000e-06	-9.506819e-09	-4.961546e-09	-5.021463e+01	-1.262588e+03
6.750000e-06	-9.550057e-09	-4.968432e-09	-5.044301e+01	-1.264366e+03
6.760000e-06	-9.592702e-09	-4.975162e-09	-5.066827e+01	-1.266065e+03
6.770000e-06	-9.634703e-09	-4.981679e-09	-5.089011e+01	-1.267690e+03
6.780000e-06	-9.676032e-09	-4.987972e-09	-5.110841e+01	-1.269248e+03
6.790000e-06	-9.716713e-09	-4.993936e-09	-5.132329e+01	-1.270754e+03
6.800000e-06	-9.756800e-09	-4.999827e-09	-5.153502e+01	-1.272220e+03
6.810000e-06	-9.796257e-09	-5.005856e-09	-5.174343e+01	-1.273662e+03
6.820000e-06	-9.834922e-09	-5.011735e-09	-5.194766e+01	-1.275094e+03
6.830000e-06	-9.872647e-09	-5.017400e-09	-5.214692e+01	-1.276529e+03
6.840000e-06	-9.909480e-09	-5.022916e-09	-5.234147e+01	-1.277974e+03
6.850000e-06	-9.945604e-09	-5.028283e-09	-5.253227e+01	-1.279433e+03
6.860000e-06	-9.981118e-09	-5.033693e-09	-5.271986e+01	-1.280902e+03
6.870000e-06	-1.001599e-08	-5.039200e-09	-5.290405e+01	-1.282376e+03
6.880000e-06	-1.005017e-08	-5.044375e-09	-5.308461e+01	-1.283843e+03
6.890000e-06	-1.008365e-08	-5.049126e-09	-5.326142e+01	-1.285288e+03
6.900000e-06	-1.011643e-08	-5.053808e-09	-5.343459e+01	-1.286697e+03
6.910000e-06	-1.014860e-08	-5.058711e-09	-5.360449e+01	-1.288053e+03
6.920000e-06	-1.018014e-08	-5.063486e-09	-5.377107e+01	-1.289345e+03
6.930000e-06	-1.021084e-08	-5.068102e-09	-5.393325e+01	-1.290563e+03
6.940000e-06	-1.024050e-08	-5.072942e-09	-5.408991e+01	-1.291704e+03
6.950000e-06	-1.026920e-08	-5.077357e-09	-5.424150e+01	-1.292770e+03
6.960000e-06	-1.029720e-08	-5.081263e-09	-5.438940e+01	-1.293769e+03
6.970000e-06	-1.032459e-08	-5.085367e-09	-5.453407e+01	-1.294712e+03
6.980000e-06	-1.035129e-08	-5.089606e-09	-5.467507e+01	-1.295615e+03
6.990000e-06	-1.037722e-08	-5.093734e-09	-5.481203e+01	-1.296496e+03
7.000000e-06	-1.040237e-08	-5.097645e-09	-5.494491e+01	-1.297372e+03
7.010000e-06	-1.042685e-08	-5.101559e-09	-5.507421e+01	-1.298258e+03
7.020000e-06	-1.045080e-08	-5.105691e-09	-5.520069e+01	-1.299166e+03
7.030000e-06	-1.047414e-08	-5.109517e-09	-5.532399e+01	-1.300100e+03
7.040000e-06	-1.049658e-08	-5.112869e-09	-5.544249e+01	-1.301060e+03
7.050000e-06	-1.051793e-08	-5.116156e-09	-5.555526e+01	-1.302038e+03
7.060000e-06	-1.053838e-08	-5.119385e-09	-5.566330e+01	-1.303023e+03
7.070000e-06	-1.055819e-08	-5.122513e-09	-5.576795e+01	-1.303996e+03
7.080000e-06	-1.057736e-08	-5.125794e-09	-5.586920e+01	-1.304938e+03
7.090000e-06	-1.059581e-08	-5.129226e-09	-5.596663e+01	-1.305829e+03
7.100000e-06	-1.061352e-08	-5.132299e-09	-5.606018e+01	-1.306651e+03
7.110000e-06	-1.063049e-08	-5.135192e-09	-5.614978e+01	-1.307390e+03
7.120000e-06	-1.064679e-08	-5.138016e-09	-5.623592e+01	-1.308038e+03
7.130000e-06	-1.066254e-08	-5.140112e-09	-5.631910e+01	-1.308595e+03
7.140000e-06	-1.067748e-08	-5.141954e-09	-5.639799e+01	-1.309066e+03
7.150000e-06	-1.069125e-08	-5.144292e-09	-5.647072e+01	-1.309467e+03
7.160000e-06	-1.070392e-08	-5.147222e-09	-5.653764e+01	-1.309815e+03
7.170000e-06	-1.071575e-08	-5.150279e-09	-5.660015e+01	-1.310135e+03
7.180000e-06	-1.072682e-08	-5.152727e-09	-5.665861e+01	-1.310449e+03
7.190000e-06	-1.073712e-08	-5.154560e-09	-5.671304e+01	-1.310781e+03
7.200000e-06	-1.074667e-08	-5.155969e-09	-5.676344e+01	-1.311147e+03
7.210000e-06	-1.075545e-08	-5.157279e-09	-5.680983e+01	-1.311560e+03
7.220000e-06	-1.076360e-08	-5.159023e-09	-5.685289e+01	-1.312022e+03
7.230000e-06	-1.077116e-08	-5.160708e-09	-5.689283e+01	-1.312527e+03
7.240000e-06	-1.077787e-08	-5.162190e-09	-5.692824e+01	-1.313062e+03
7.250000e-06	-1.078347e-08	-5.163927e-09	-5.695784e+01	-1.313603e+03
7.260000e-06	-1.078810e-08	-5.165923e-09	-5.698231e+01	-1.314125e+03
7.270000e-06	-1.079207e-08	-5.167474e-09	-5.700324e+01	-1.314597e+03
7.280000e-06	-1.079542e-08	-5.168036e-09	-5.702094e+01	-1.314991e+03
7.290000e-06	-1.079806e-08	-5.168634e-09	-5.703489e+01	-1.315283e+03
7.300000e-06	-1.080002e-08	-5.169453e-09	-5.704526e+01	-1.315457e+03
7.310000e-06	-1.080120e-08	-5.169988e-09	-5.705146e+01	-1.315504e+03
