# Temperatura_=_-0.2217228464419469
# Concentracion g/m^3_=_19900.0
# C_Vs_to_Am_M_A/Vsm_=_254322799225.57578
# pendiente_HvsI_1/m_=_3716.3
# ordenada_HvsI_A/m_=_1297.0
# frecuencia_Hz_=_136626.05859831686
# Promedio de 267 ciclos

Tiempo_(s)	Campo_(V.s)	Magnetizacion_(V.s)	Campo_(kA/m)	Magnetizacion_(A/m)
0.000000e+00	-1.082743e-08	-5.467550e-09	-5.704622e+01	-1.390969e+03
1.000000e-08	-1.082735e-08	-5.468596e-09	-5.704579e+01	-1.390975e+03
2.000000e-08	-1.082663e-08	-5.468743e-09	-5.704197e+01	-1.390887e+03
3.000000e-08	-1.082493e-08	-5.467931e-09	-5.703301e+01	-1.390719e+03
4.000000e-08	-1.082217e-08	-5.467548e-09	-5.701848e+01	-1.390491e+03
5.000000e-08	-1.081860e-08	-5.467309e-09	-5.699966e+01	-1.390230e+03
6.000000e-08	-1.081446e-08	-5.466892e-09	-5.697784e+01	-1.389963e+03
7.000000e-08	-1.080972e-08	-5.467498e-09	-5.695290e+01	-1.389720e+03
8.000000e-08	-1.080426e-08	-5.469082e-09	-5.692414e+01	-1.389528e+03
9.000000e-08	-1.079797e-08	-5.468614e-09	-5.689099e+01	-1.389409e+03
1.000000e-07	-1.079066e-08	-5.463020e-09	-5.685248e+01	-1.389378e+03
1.100000e-07	-1.078205e-08	-5.461762e-09	-5.680710e+01	-1.389439e+03
1.200000e-07	-1.077196e-08	-5.468515e-09	-5.675396e+01	-1.389588e+03
1.300000e-07	-1.076091e-08	-5.475401e-09	-5.669570e+01	-1.389811e+03
1.400000e-07	-1.074957e-08	-5.463991e-09	-5.663600e+01	-1.390086e+03
1.500000e-07	-1.073777e-08	-5.447673e-09	-5.657383e+01	-1.390384e+03
1.600000e-07	-1.072497e-08	-5.466249e-09	-5.650636e+01	-1.390672e+03
1.700000e-07	-1.071135e-08	-5.490036e-09	-5.643460e+01	-1.390917e+03
1.800000e-07	-1.069720e-08	-5.478512e-09	-5.636007e+01	-1.391088e+03
1.900000e-07	-1.068199e-08	-5.467685e-09	-5.627991e+01	-1.391162e+03
2.000000e-07	-1.066556e-08	-5.480692e-09	-5.619336e+01	-1.391121e+03
2.100000e-07	-1.064854e-08	-5.465205e-09	-5.610369e+01	-1.390963e+03
2.200000e-07	-1.063100e-08	-5.434233e-09	-5.601129e+01	-1.390691e+03
2.300000e-07	-1.061256e-08	-5.464864e-09	-5.591410e+01	-1.390324e+03
2.400000e-07	-1.059331e-08	-5.507729e-09	-5.581269e+01	-1.389890e+03
2.500000e-07	-1.057354e-08	-5.497902e-09	-5.570852e+01	-1.389422e+03
2.600000e-07	-1.055306e-08	-5.498055e-09	-5.560063e+01	-1.388960e+03
2.700000e-07	-1.053180e-08	-5.516412e-09	-5.548861e+01	-1.388543e+03
2.800000e-07	-1.050988e-08	-5.484230e-09	-5.537311e+01	-1.388207e+03
2.900000e-07	-1.048716e-08	-5.444530e-09	-5.525341e+01	-1.387981e+03
3.000000e-07	-1.046364e-08	-5.452569e-09	-5.512951e+01	-1.387881e+03
3.100000e-07	-1.043961e-08	-5.442028e-09	-5.500291e+01	-1.387914e+03
3.200000e-07	-1.041492e-08	-5.414265e-09	-5.487278e+01	-1.388070e+03
3.300000e-07	-1.038918e-08	-5.442381e-09	-5.473722e+01	-1.388325e+03
3.400000e-07	-1.036245e-08	-5.478564e-09	-5.459639e+01	-1.388643e+03
3.500000e-07	-1.033494e-08	-5.469914e-09	-5.445145e+01	-1.388978e+03
3.600000e-07	-1.030679e-08	-5.483230e-09	-5.430313e+01	-1.389276e+03
3.700000e-07	-1.027807e-08	-5.511439e-09	-5.415179e+01	-1.389481e+03
3.800000e-07	-1.024864e-08	-5.486809e-09	-5.399676e+01	-1.389538e+03
3.900000e-07	-1.021838e-08	-5.467101e-09	-5.383728e+01	-1.389401e+03
4.000000e-07	-1.018734e-08	-5.478054e-09	-5.367379e+01	-1.389030e+03
4.100000e-07	-1.015569e-08	-5.451095e-09	-5.350702e+01	-1.388401e+03
4.200000e-07	-1.012342e-08	-5.425735e-09	-5.333701e+01	-1.387505e+03
4.300000e-07	-1.009044e-08	-5.442720e-09	-5.316323e+01	-1.386349e+03
4.400000e-07	-1.005653e-08	-5.434253e-09	-5.298458e+01	-1.384954e+03
4.500000e-07	-1.002162e-08	-5.412423e-09	-5.280065e+01	-1.383355e+03
4.600000e-07	-9.985935e-09	-5.424053e-09	-5.261264e+01	-1.381598e+03
4.700000e-07	-9.949656e-09	-5.424314e-09	-5.242149e+01	-1.379733e+03
4.800000e-07	-9.912750e-09	-5.407500e-09	-5.222704e+01	-1.377814e+03
4.900000e-07	-9.875147e-09	-5.406587e-09	-5.202892e+01	-1.375892e+03
5.000000e-07	-9.836815e-09	-5.402383e-09	-5.182697e+01	-1.374011e+03
5.100000e-07	-9.797779e-09	-5.391522e-09	-5.162130e+01	-1.372206e+03
5.200000e-07	-9.758148e-09	-5.390134e-09	-5.141250e+01	-1.370498e+03
5.300000e-07	-9.717939e-09	-5.386703e-09	-5.120064e+01	-1.368897e+03
5.400000e-07	-9.676973e-09	-5.377055e-09	-5.098481e+01	-1.367398e+03
5.500000e-07	-9.635045e-09	-5.371620e-09	-5.076391e+01	-1.365983e+03
5.600000e-07	-9.592150e-09	-5.365810e-09	-5.053791e+01	-1.364626e+03
5.700000e-07	-9.548442e-09	-5.358546e-09	-5.030763e+01	-1.363293e+03
5.800000e-07	-9.504094e-09	-5.353095e-09	-5.007397e+01	-1.361947e+03
5.900000e-07	-9.459180e-09	-5.346205e-09	-4.983733e+01	-1.360551e+03
6.000000e-07	-9.413659e-09	-5.338707e-09	-4.959750e+01	-1.359074e+03
6.100000e-07	-9.367471e-09	-5.332986e-09	-4.935415e+01	-1.357489e+03
6.200000e-07	-9.320631e-09	-5.325887e-09	-4.910736e+01	-1.355779e+03
6.300000e-07	-9.273153e-09	-5.318428e-09	-4.885722e+01	-1.353938e+03
6.400000e-07	-9.225003e-09	-5.310915e-09	-4.860353e+01	-1.351969e+03
6.500000e-07	-9.176078e-09	-5.302100e-09	-4.834576e+01	-1.349884e+03
6.600000e-07	-9.126242e-09	-5.294771e-09	-4.808320e+01	-1.347705e+03
6.700000e-07	-9.075434e-09	-5.288970e-09	-4.781551e+01	-1.345454e+03
6.800000e-07	-9.023727e-09	-5.280967e-09	-4.754309e+01	-1.343161e+03
6.900000e-07	-8.971232e-09	-5.272351e-09	-4.726651e+01	-1.340850e+03
7.000000e-07	-8.918028e-09	-5.264555e-09	-4.698619e+01	-1.338543e+03
7.100000e-07	-8.864166e-09	-5.255367e-09	-4.670241e+01	-1.336258e+03
7.200000e-07	-8.809687e-09	-5.246143e-09	-4.641538e+01	-1.334004e+03
7.300000e-07	-8.754673e-09	-5.238078e-09	-4.612553e+01	-1.331781e+03
7.400000e-07	-8.699181e-09	-5.229004e-09	-4.583315e+01	-1.329584e+03
7.500000e-07	-8.643171e-09	-5.219551e-09	-4.553805e+01	-1.327397e+03
7.600000e-07	-8.586573e-09	-5.211850e-09	-4.523986e+01	-1.325203e+03
7.700000e-07	-8.529287e-09	-5.203373e-09	-4.493804e+01	-1.322980e+03
7.800000e-07	-8.471211e-09	-5.192944e-09	-4.463206e+01	-1.320706e+03
7.900000e-07	-8.412357e-09	-5.182752e-09	-4.432198e+01	-1.318359e+03
8.000000e-07	-8.352813e-09	-5.173107e-09	-4.400826e+01	-1.315923e+03
8.100000e-07	-8.292651e-09	-5.163094e-09	-4.369128e+01	-1.313388e+03
8.200000e-07	-8.231930e-09	-5.153291e-09	-4.337136e+01	-1.310749e+03
8.300000e-07	-8.170655e-09	-5.143004e-09	-4.304852e+01	-1.308007e+03
8.400000e-07	-8.108784e-09	-5.132027e-09	-4.272255e+01	-1.305172e+03
8.500000e-07	-8.046339e-09	-5.121245e-09	-4.239354e+01	-1.302257e+03
8.600000e-07	-7.983398e-09	-5.110878e-09	-4.206192e+01	-1.299278e+03
8.700000e-07	-7.919987e-09	-5.099608e-09	-4.172783e+01	-1.296255e+03
8.800000e-07	-7.856094e-09	-5.087614e-09	-4.139120e+01	-1.293204e+03
8.900000e-07	-7.791711e-09	-5.076055e-09	-4.105198e+01	-1.290140e+03
9.000000e-07	-7.726759e-09	-5.064857e-09	-4.070978e+01	-1.287075e+03
9.100000e-07	-7.661132e-09	-5.053142e-09	-4.036401e+01	-1.284012e+03
9.200000e-07	-7.594815e-09	-5.041016e-09	-4.001461e+01	-1.280951e+03
9.300000e-07	-7.527878e-09	-5.028652e-09	-3.966194e+01	-1.277886e+03
9.400000e-07	-7.460359e-09	-5.016308e-09	-3.930621e+01	-1.274805e+03
9.500000e-07	-7.392298e-09	-5.004080e-09	-3.894761e+01	-1.271692e+03
9.600000e-07	-7.323748e-09	-4.991640e-09	-3.858644e+01	-1.268530e+03
9.700000e-07	-7.254730e-09	-4.978741e-09	-3.822281e+01	-1.265302e+03
9.800000e-07	-7.185218e-09	-4.965701e-09	-3.785657e+01	-1.261991e+03
9.900000e-07	-7.115196e-09	-4.952597e-09	-3.748765e+01	-1.258585e+03
1.000000e-06	-7.044687e-09	-4.939125e-09	-3.711616e+01	-1.255074e+03
1.010000e-06	-6.973730e-09	-4.925029e-09	-3.674231e+01	-1.251456e+03
1.020000e-06	-6.902357e-09	-4.910497e-09	-3.636627e+01	-1.247732e+03
1.030000e-06	-6.830539e-09	-4.896024e-09	-3.598788e+01	-1.243908e+03
1.040000e-06	-6.758201e-09	-4.881570e-09	-3.560676e+01	-1.239996e+03
1.050000e-06	-6.685295e-09	-4.866918e-09	-3.522264e+01	-1.236007e+03
1.060000e-06	-6.611793e-09	-4.851991e-09	-3.483538e+01	-1.231955e+03
1.070000e-06	-6.537675e-09	-4.836692e-09	-3.444489e+01	-1.227853e+03
1.080000e-06	-6.462942e-09	-4.821127e-09	-3.405115e+01	-1.223710e+03
1.090000e-06	-6.387611e-09	-4.805329e-09	-3.365426e+01	-1.219533e+03
1.100000e-06	-6.311713e-09	-4.788695e-09	-3.325437e+01	-1.215323e+03
1.110000e-06	-6.235307e-09	-4.771445e-09	-3.285182e+01	-1.211078e+03
1.120000e-06	-6.158443e-09	-4.754096e-09	-3.244684e+01	-1.206791e+03
1.130000e-06	-6.081145e-09	-4.736533e-09	-3.203959e+01	-1.202451e+03
1.140000e-06	-6.003407e-09	-4.718718e-09	-3.163001e+01	-1.198043e+03
1.150000e-06	-5.925198e-09	-4.701165e-09	-3.121795e+01	-1.193552e+03
1.160000e-06	-5.846525e-09	-4.683127e-09	-3.080345e+01	-1.188964e+03
1.170000e-06	-5.767388e-09	-4.664474e-09	-3.038651e+01	-1.184266e+03
1.180000e-06	-5.687795e-09	-4.645572e-09	-2.996717e+01	-1.179448e+03
1.190000e-06	-5.607735e-09	-4.626249e-09	-2.954536e+01	-1.174504e+03
1.200000e-06	-5.527177e-09	-4.606236e-09	-2.912092e+01	-1.169432e+03
1.210000e-06	-5.446110e-09	-4.585817e-09	-2.869381e+01	-1.164234e+03
1.220000e-06	-5.364578e-09	-4.565321e-09	-2.826424e+01	-1.158919e+03
1.230000e-06	-5.282650e-09	-4.544323e-09	-2.783259e+01	-1.153494e+03
1.240000e-06	-5.200388e-09	-4.522607e-09	-2.739917e+01	-1.147971e+03
1.250000e-06	-5.117827e-09	-4.500597e-09	-2.696419e+01	-1.142361e+03
1.260000e-06	-5.034989e-09	-4.478174e-09	-2.652774e+01	-1.136674e+03
1.270000e-06	-4.951882e-09	-4.455281e-09	-2.608988e+01	-1.130916e+03
1.280000e-06	-4.868484e-09	-4.432079e-09	-2.565048e+01	-1.125091e+03
1.290000e-06	-4.784786e-09	-4.408473e-09	-2.520949e+01	-1.119197e+03
1.300000e-06	-4.700794e-09	-4.384191e-09	-2.476697e+01	-1.113230e+03
1.310000e-06	-4.616509e-09	-4.359184e-09	-2.432289e+01	-1.107178e+03
1.320000e-06	-4.531932e-09	-4.334287e-09	-2.387728e+01	-1.101029e+03
1.330000e-06	-4.447063e-09	-4.309625e-09	-2.343013e+01	-1.094766e+03
1.340000e-06	-4.361894e-09	-4.284206e-09	-2.298140e+01	-1.088372e+03
1.350000e-06	-4.276407e-09	-4.257864e-09	-2.253100e+01	-1.081830e+03
1.360000e-06	-4.190604e-09	-4.230972e-09	-2.207893e+01	-1.075125e+03
1.370000e-06	-4.104513e-09	-4.203241e-09	-2.162534e+01	-1.068244e+03
1.380000e-06	-4.018164e-09	-4.175207e-09	-2.117040e+01	-1.061179e+03
1.390000e-06	-3.931582e-09	-4.147033e-09	-2.071423e+01	-1.053923e+03
1.400000e-06	-3.844779e-09	-4.118120e-09	-2.025689e+01	-1.046475e+03
1.410000e-06	-3.757763e-09	-4.088388e-09	-1.979842e+01	-1.038838e+03
1.420000e-06	-3.670536e-09	-4.057976e-09	-1.933885e+01	-1.031016e+03
1.430000e-06	-3.583085e-09	-4.026923e-09	-1.887810e+01	-1.023014e+03
1.440000e-06	-3.495392e-09	-3.995190e-09	-1.841607e+01	-1.014840e+03
1.450000e-06	-3.407433e-09	-3.962460e-09	-1.795264e+01	-1.006498e+03
1.460000e-06	-3.319180e-09	-3.928917e-09	-1.748767e+01	-9.979899e+02
1.470000e-06	-3.230622e-09	-3.894734e-09	-1.702108e+01	-9.893164e+02
1.480000e-06	-3.141762e-09	-3.859894e-09	-1.655291e+01	-9.804729e+02
1.490000e-06	-3.052614e-09	-3.824351e-09	-1.608322e+01	-9.714513e+02
1.500000e-06	-2.963206e-09	-3.787734e-09	-1.561216e+01	-9.622398e+02
1.510000e-06	-2.873577e-09	-3.750122e-09	-1.513994e+01	-9.528235e+02
1.520000e-06	-2.783762e-09	-3.711735e-09	-1.466673e+01	-9.431856e+02
1.530000e-06	-2.693782e-09	-3.672060e-09	-1.419267e+01	-9.333079e+02
1.540000e-06	-2.603655e-09	-3.631354e-09	-1.371782e+01	-9.231723e+02
1.550000e-06	-2.513372e-09	-3.590158e-09	-1.324215e+01	-9.127619e+02
1.560000e-06	-2.422926e-09	-3.548258e-09	-1.276563e+01	-9.020615e+02
1.570000e-06	-2.332311e-09	-3.505566e-09	-1.228821e+01	-8.910584e+02
1.580000e-06	-2.241511e-09	-3.461904e-09	-1.180981e+01	-8.797426e+02
1.590000e-06	-2.150517e-09	-3.416866e-09	-1.133040e+01	-8.681063e+02
1.600000e-06	-2.059321e-09	-3.370135e-09	-1.084992e+01	-8.561432e+02
1.610000e-06	-1.967920e-09	-3.321923e-09	-1.036836e+01	-8.438481e+02
1.620000e-06	-1.876315e-09	-3.272106e-09	-9.885721e+00	-8.312150e+02
1.630000e-06	-1.784519e-09	-3.220590e-09	-9.402076e+00	-8.182366e+02
1.640000e-06	-1.692553e-09	-3.167535e-09	-8.917533e+00	-8.049021e+02
1.650000e-06	-1.600439e-09	-3.112798e-09	-8.432217e+00	-7.911971e+02
1.660000e-06	-1.508220e-09	-3.056772e-09	-7.946345e+00	-7.771018e+02
1.670000e-06	-1.415931e-09	-2.999635e-09	-7.460098e+00	-7.625912e+02
1.680000e-06	-1.323580e-09	-2.940718e-09	-6.973530e+00	-7.476348e+02
1.690000e-06	-1.231165e-09	-2.879453e-09	-6.486622e+00	-7.321970e+02
1.700000e-06	-1.138674e-09	-2.815577e-09	-5.999318e+00	-7.162377e+02
1.710000e-06	-1.046107e-09	-2.749431e-09	-5.511611e+00	-6.997137e+02
1.720000e-06	-9.534531e-10	-2.681244e-09	-5.023445e+00	-6.825798e+02
1.730000e-06	-8.607062e-10	-2.610694e-09	-4.534789e+00	-6.647908e+02
1.740000e-06	-7.678765e-10	-2.537439e-09	-4.045698e+00	-6.463023e+02
1.750000e-06	-6.749720e-10	-2.461410e-09	-3.556212e+00	-6.270729e+02
1.760000e-06	-5.820096e-10	-2.382554e-09	-3.066421e+00	-6.070652e+02
1.770000e-06	-4.890071e-10	-2.300519e-09	-2.576420e+00	-5.862468e+02
1.780000e-06	-3.959757e-10	-2.215046e-09	-2.086265e+00	-5.645912e+02
1.790000e-06	-3.029294e-10	-2.126244e-09	-1.596033e+00	-5.420782e+02
1.800000e-06	-2.098912e-10	-2.034147e-09	-1.105844e+00	-5.186942e+02
1.810000e-06	-1.168784e-10	-1.938623e-09	-6.157876e-01	-4.944321e+02
1.820000e-06	-2.389436e-11	-1.839542e-09	-1.258828e-01	-4.692910e+02
1.830000e-06	6.906734e-11	-1.736584e-09	3.639041e-01	-4.432759e+02
1.840000e-06	1.620169e-10	-1.629581e-09	8.536271e-01	-4.163978e+02
1.850000e-06	2.549592e-10	-1.519252e-09	1.343312e+00	-3.886727e+02
1.860000e-06	3.479007e-10	-1.406026e-09	1.832992e+00	-3.601222e+02
1.870000e-06	4.408411e-10	-1.289619e-09	2.322668e+00	-3.307727e+02
1.880000e-06	5.337713e-10	-1.170062e-09	2.812289e+00	-3.006563e+02
1.890000e-06	6.266907e-10	-1.047865e-09	3.301853e+00	-2.698101e+02
1.900000e-06	7.195962e-10	-9.230533e-10	3.791343e+00	-2.382769e+02
1.910000e-06	8.124722e-10	-7.954278e-10	4.280679e+00	-2.061051e+02
1.920000e-06	9.052964e-10	-6.655270e-10	4.769742e+00	-1.733487e+02
1.930000e-06	9.980404e-10	-5.340297e-10	5.258382e+00	-1.400673e+02
1.940000e-06	1.090679e-09	-4.011364e-10	5.746465e+00	-1.063258e+02
1.950000e-06	1.183195e-09	-2.669336e-10	6.233907e+00	-7.219342e+01
1.960000e-06	1.275583e-09	-1.318931e-10	6.720673e+00	-3.774311e+01
1.970000e-06	1.367851e-09	3.634044e-12	7.206805e+00	-3.050396e+00
1.980000e-06	1.460010e-09	1.398368e-10	7.692359e+00	3.180794e+01
1.990000e-06	1.552067e-09	2.770388e-10	8.177383e+00	6.675525e+01
2.000000e-06	1.644030e-09	4.150561e-10	8.661907e+00	1.017164e+02
2.010000e-06	1.735889e-09	5.531675e-10	9.145883e+00	1.366193e+02
2.020000e-06	1.827624e-09	6.907676e-10	9.629201e+00	1.713955e+02
2.030000e-06	1.919221e-09	8.275819e-10	1.011180e+01	2.059816e+02
2.040000e-06	2.010665e-09	9.632018e-10	1.059359e+01	2.403197e+02
2.050000e-06	2.101937e-09	1.097400e-09	1.107447e+01	2.743570e+02
2.060000e-06	2.193022e-09	1.230373e-09	1.155436e+01	3.080463e+02
2.070000e-06	2.283900e-09	1.361929e-09	1.203317e+01	3.413447e+02
2.080000e-06	2.374565e-09	1.491199e-09	1.251085e+01	3.742133e+02
2.090000e-06	2.465013e-09	1.618047e-09	1.298739e+01	4.066159e+02
2.100000e-06	2.555252e-09	1.742616e-09	1.346282e+01	4.385175e+02
2.110000e-06	2.645289e-09	1.865114e-09	1.393719e+01	4.698838e+02
2.120000e-06	2.735130e-09	1.985412e-09	1.441053e+01	5.006797e+02
2.130000e-06	2.824790e-09	2.102873e-09	1.488292e+01	5.308688e+02
2.140000e-06	2.914272e-09	2.217327e-09	1.535436e+01	5.604130e+02
2.150000e-06	3.003557e-09	2.329215e-09	1.582478e+01	5.892725e+02
2.160000e-06	3.092623e-09	2.439057e-09	1.629404e+01	6.174059e+02
2.170000e-06	3.181456e-09	2.546647e-09	1.676206e+01	6.447714e+02
2.180000e-06	3.270023e-09	2.651386e-09	1.722869e+01	6.713277e+02
2.190000e-06	3.358304e-09	2.752310e-09	1.769382e+01	6.970353e+02
2.200000e-06	3.446296e-09	2.849849e-09	1.815742e+01	7.218581e+02
2.210000e-06	3.533999e-09	2.944594e-09	1.861950e+01	7.457648e+02
2.220000e-06	3.621417e-09	3.035167e-09	1.908008e+01	7.687307e+02
2.230000e-06	3.708571e-09	3.120556e-09	1.953926e+01	7.907385e+02
2.240000e-06	3.795476e-09	3.201737e-09	1.999714e+01	8.117796e+02
2.250000e-06	3.882134e-09	3.279557e-09	2.045372e+01	8.318548e+02
2.260000e-06	3.968547e-09	3.353636e-09	2.090900e+01	8.509741e+02
2.270000e-06	4.054713e-09	3.424147e-09	2.136298e+01	8.691569e+02
2.280000e-06	4.140632e-09	3.491275e-09	2.181566e+01	8.864311e+02
2.290000e-06	4.226296e-09	3.555007e-09	2.226699e+01	9.028323e+02
2.300000e-06	4.311701e-09	3.615888e-09	2.271697e+01	9.184026e+02
2.310000e-06	4.396850e-09	3.673720e-09	2.316559e+01	9.331889e+02
2.320000e-06	4.481731e-09	3.728066e-09	2.361280e+01	9.472413e+02
2.330000e-06	4.566324e-09	3.779461e-09	2.405850e+01	9.606116e+02
2.340000e-06	4.650602e-09	3.828377e-09	2.450254e+01	9.733518e+02
2.350000e-06	4.734537e-09	3.875291e-09	2.494476e+01	9.855124e+02
2.360000e-06	4.818108e-09	3.920643e-09	2.538507e+01	9.971412e+02
2.370000e-06	4.901315e-09	3.964555e-09	2.582346e+01	1.008283e+03
2.380000e-06	4.984182e-09	4.006928e-09	2.626006e+01	1.018976e+03
2.390000e-06	5.066722e-09	4.047563e-09	2.669494e+01	1.029258e+03
2.400000e-06	5.148932e-09	4.086740e-09	2.712808e+01	1.039157e+03
2.410000e-06	5.230807e-09	4.124309e-09	2.755945e+01	1.048701e+03
2.420000e-06	5.312315e-09	4.160006e-09	2.798889e+01	1.057909e+03
2.430000e-06	5.393426e-09	4.194377e-09	2.841624e+01	1.066799e+03
2.440000e-06	5.474119e-09	4.227876e-09	2.884138e+01	1.075385e+03
2.450000e-06	5.554383e-09	4.260276e-09	2.926427e+01	1.083679e+03
2.460000e-06	5.634215e-09	4.291628e-09	2.968488e+01	1.091690e+03
2.470000e-06	5.713618e-09	4.322020e-09	3.010322e+01	1.099428e+03
2.480000e-06	5.792576e-09	4.351177e-09	3.051923e+01	1.106900e+03
2.490000e-06	5.871065e-09	4.379288e-09	3.093275e+01	1.114116e+03
2.500000e-06	5.949071e-09	4.406281e-09	3.134375e+01	1.121084e+03
2.510000e-06	6.026611e-09	4.432253e-09	3.175228e+01	1.127815e+03
2.520000e-06	6.103716e-09	4.457535e-09	3.215852e+01	1.134322e+03
2.530000e-06	6.180396e-09	4.482109e-09	3.256252e+01	1.140615e+03
2.540000e-06	6.256630e-09	4.506091e-09	3.296417e+01	1.146709e+03
2.550000e-06	6.332371e-09	4.529872e-09	3.336323e+01	1.152619e+03
2.560000e-06	6.407568e-09	4.553277e-09	3.375941e+01	1.158357e+03
2.570000e-06	6.482204e-09	4.575816e-09	3.415264e+01	1.163939e+03
2.580000e-06	6.556283e-09	4.597775e-09	3.454293e+01	1.169377e+03
2.590000e-06	6.629807e-09	4.619483e-09	3.493030e+01	1.174684e+03
2.600000e-06	6.702765e-09	4.640491e-09	3.531469e+01	1.179868e+03
2.610000e-06	6.775151e-09	4.660595e-09	3.569607e+01	1.184938e+03
2.620000e-06	6.846989e-09	4.680134e-09	3.607456e+01	1.189900e+03
2.630000e-06	6.918326e-09	4.698851e-09	3.645041e+01	1.194756e+03
2.640000e-06	6.989196e-09	4.716973e-09	3.682381e+01	1.199509e+03
2.650000e-06	7.059591e-09	4.734921e-09	3.719470e+01	1.204156e+03
2.660000e-06	7.129491e-09	4.752510e-09	3.756297e+01	1.208697e+03
2.670000e-06	7.198903e-09	4.769519e-09	3.792868e+01	1.213127e+03
2.680000e-06	7.267866e-09	4.786121e-09	3.829203e+01	1.217443e+03
2.690000e-06	7.336393e-09	4.802350e-09	3.865308e+01	1.221644e+03
2.700000e-06	7.404452e-09	4.818133e-09	3.901166e+01	1.225726e+03
2.710000e-06	7.471984e-09	4.833797e-09	3.936746e+01	1.229691e+03
2.720000e-06	7.538931e-09	4.849071e-09	3.972018e+01	1.233539e+03
2.730000e-06	7.605237e-09	4.863184e-09	4.006952e+01	1.237276e+03
2.740000e-06	7.670871e-09	4.876389e-09	4.041533e+01	1.240905e+03
2.750000e-06	7.735849e-09	4.889604e-09	4.075768e+01	1.244437e+03
2.760000e-06	7.800209e-09	4.902855e-09	4.109677e+01	1.247878e+03
2.770000e-06	7.863995e-09	4.916314e-09	4.143283e+01	1.251241e+03
2.780000e-06	7.927265e-09	4.930077e-09	4.176619e+01	1.254533e+03
2.790000e-06	7.990053e-09	4.943719e-09	4.209699e+01	1.257766e+03
2.800000e-06	8.052337e-09	4.956719e-09	4.242515e+01	1.260947e+03
2.810000e-06	8.114089e-09	4.969072e-09	4.275050e+01	1.264082e+03
2.820000e-06	8.175325e-09	4.980668e-09	4.307313e+01	1.267175e+03
2.830000e-06	8.236086e-09	4.991368e-09	4.339326e+01	1.270228e+03
2.840000e-06	8.296365e-09	5.001705e-09	4.371086e+01	1.273242e+03
2.850000e-06	8.356094e-09	5.012678e-09	4.402555e+01	1.276213e+03
2.860000e-06	8.415171e-09	5.024481e-09	4.433681e+01	1.279137e+03
2.870000e-06	8.473495e-09	5.036227e-09	4.464409e+01	1.282009e+03
2.880000e-06	8.531023e-09	5.047591e-09	4.494719e+01	1.284826e+03
2.890000e-06	8.587797e-09	5.058544e-09	4.524631e+01	1.287581e+03
2.900000e-06	8.643903e-09	5.068821e-09	4.554191e+01	1.290274e+03
2.910000e-06	8.699412e-09	5.078443e-09	4.583437e+01	1.292901e+03
2.920000e-06	8.754366e-09	5.088048e-09	4.612391e+01	1.295464e+03
2.930000e-06	8.808757e-09	5.097751e-09	4.641048e+01	1.297967e+03
2.940000e-06	8.862552e-09	5.107540e-09	4.669391e+01	1.300414e+03
2.950000e-06	8.915733e-09	5.117684e-09	4.697410e+01	1.302812e+03
2.960000e-06	8.968266e-09	5.127914e-09	4.725088e+01	1.305170e+03
2.970000e-06	9.020068e-09	5.137632e-09	4.752381e+01	1.307495e+03
2.980000e-06	9.071033e-09	5.146977e-09	4.779232e+01	1.309795e+03
2.990000e-06	9.121096e-09	5.156305e-09	4.805608e+01	1.312077e+03
3.000000e-06	9.170281e-09	5.165311e-09	4.831522e+01	1.314344e+03
3.010000e-06	9.218687e-09	5.174046e-09	4.857025e+01	1.316599e+03
3.020000e-06	9.266430e-09	5.182866e-09	4.882180e+01	1.318842e+03
3.030000e-06	9.313554e-09	5.191784e-09	4.907008e+01	1.321069e+03
3.040000e-06	9.360030e-09	5.200459e-09	4.931495e+01	1.323274e+03
3.050000e-06	9.405829e-09	5.208934e-09	4.955625e+01	1.325451e+03
3.060000e-06	9.450972e-09	5.217486e-09	4.979409e+01	1.327593e+03
3.070000e-06	9.495537e-09	5.225893e-09	5.002889e+01	1.329691e+03
3.080000e-06	9.539601e-09	5.234003e-09	5.026105e+01	1.331739e+03
3.090000e-06	9.583119e-09	5.241842e-09	5.049033e+01	1.333731e+03
3.100000e-06	9.625901e-09	5.249629e-09	5.071573e+01	1.335664e+03
3.110000e-06	9.667773e-09	5.257194e-09	5.093634e+01	1.337540e+03
3.120000e-06	9.708734e-09	5.264453e-09	5.115215e+01	1.339360e+03
3.130000e-06	9.748940e-09	5.271621e-09	5.136398e+01	1.341129e+03
3.140000e-06	9.788521e-09	5.278922e-09	5.157252e+01	1.342855e+03
3.150000e-06	9.827469e-09	5.286668e-09	5.177773e+01	1.344545e+03
3.160000e-06	9.865727e-09	5.294392e-09	5.197929e+01	1.346210e+03
3.170000e-06	9.903262e-09	5.301598e-09	5.217706e+01	1.347855e+03
3.180000e-06	9.940106e-09	5.308470e-09	5.237117e+01	1.349488e+03
3.190000e-06	9.976359e-09	5.314902e-09	5.256218e+01	1.351113e+03
3.200000e-06	1.001206e-08	5.321071e-09	5.275028e+01	1.352729e+03
3.210000e-06	1.004706e-08	5.327169e-09	5.293468e+01	1.354336e+03
3.220000e-06	1.008114e-08	5.332958e-09	5.311422e+01	1.355929e+03
3.230000e-06	1.011426e-08	5.338890e-09	5.328872e+01	1.357499e+03
3.240000e-06	1.014660e-08	5.345309e-09	5.345911e+01	1.359038e+03
3.250000e-06	1.017830e-08	5.351725e-09	5.362613e+01	1.360536e+03
3.260000e-06	1.020936e-08	5.357610e-09	5.378977e+01	1.361984e+03
3.270000e-06	1.023972e-08	5.362918e-09	5.394973e+01	1.363374e+03
3.280000e-06	1.026935e-08	5.367891e-09	5.410583e+01	1.364702e+03
3.290000e-06	1.029825e-08	5.372941e-09	5.425813e+01	1.365965e+03
3.300000e-06	1.032655e-08	5.377692e-09	5.440720e+01	1.367165e+03
3.310000e-06	1.035428e-08	5.382381e-09	5.455331e+01	1.368307e+03
3.320000e-06	1.038125e-08	5.387948e-09	5.469543e+01	1.369398e+03
3.330000e-06	1.040719e-08	5.393559e-09	5.483210e+01	1.370450e+03
3.340000e-06	1.043211e-08	5.398353e-09	5.496336e+01	1.371474e+03
3.350000e-06	1.045623e-08	5.402336e-09	5.509048e+01	1.372480e+03
3.360000e-06	1.047969e-08	5.405771e-09	5.521408e+01	1.373480e+03
3.370000e-06	1.050246e-08	5.408820e-09	5.533401e+01	1.374479e+03
3.380000e-06	1.052450e-08	5.412100e-09	5.545018e+01	1.375483e+03
3.390000e-06	1.054583e-08	5.416420e-09	5.556253e+01	1.376491e+03
3.400000e-06	1.056647e-08	5.421437e-09	5.567126e+01	1.377498e+03
3.410000e-06	1.058653e-08	5.426382e-09	5.577698e+01	1.378498e+03
3.420000e-06	1.060599e-08	5.430285e-09	5.587948e+01	1.379477e+03
3.430000e-06	1.062462e-08	5.432978e-09	5.597765e+01	1.380425e+03
3.440000e-06	1.064235e-08	5.434996e-09	5.607109e+01	1.381327e+03
3.450000e-06	1.065931e-08	5.436617e-09	5.616043e+01	1.382171e+03
3.460000e-06	1.067552e-08	5.438374e-09	5.624582e+01	1.382947e+03
3.470000e-06	1.069086e-08	5.440951e-09	5.632663e+01	1.383648e+03
3.480000e-06	1.070533e-08	5.444450e-09	5.640290e+01	1.384274e+03
3.490000e-06	1.071904e-08	5.448243e-09	5.647511e+01	1.384828e+03
3.500000e-06	1.073198e-08	5.450941e-09	5.654331e+01	1.385318e+03
3.510000e-06	1.074418e-08	5.452352e-09	5.660760e+01	1.385755e+03
3.520000e-06	1.075558e-08	5.453309e-09	5.666764e+01	1.386156e+03
3.530000e-06	1.076591e-08	5.454184e-09	5.672206e+01	1.386536e+03
3.540000e-06	1.077509e-08	5.455424e-09	5.677044e+01	1.386912e+03
3.550000e-06	1.078341e-08	5.456930e-09	5.681427e+01	1.387297e+03
3.560000e-06	1.079108e-08	5.458576e-09	5.685468e+01	1.387700e+03
3.570000e-06	1.079804e-08	5.460375e-09	5.689133e+01	1.388127e+03
3.580000e-06	1.080422e-08	5.462061e-09	5.692390e+01	1.388577e+03
3.590000e-06	1.080962e-08	5.463267e-09	5.695235e+01	1.389041e+03
3.600000e-06	1.081429e-08	5.463909e-09	5.697695e+01	1.389507e+03
3.610000e-06	1.081839e-08	5.464270e-09	5.699853e+01	1.389958e+03
3.620000e-06	1.082188e-08	5.464826e-09	5.701693e+01	1.390373e+03
3.630000e-06	1.082447e-08	5.465881e-09	5.703058e+01	1.390734e+03
3.640000e-06	1.082596e-08	5.467075e-09	5.703843e+01	1.391021e+03
3.650000e-06	1.082652e-08	5.467389e-09	5.704139e+01	1.391219e+03
3.660000e-06	1.082642e-08	5.467042e-09	5.704087e+01	1.391320e+03
3.670000e-06	1.082567e-08	5.466907e-09	5.703690e+01	1.391322e+03
3.680000e-06	1.082419e-08	5.466762e-09	5.702911e+01	1.391230e+03
3.690000e-06	1.082200e-08	5.466797e-09	5.701760e+01	1.391059e+03
3.700000e-06	1.081911e-08	5.466661e-09	5.700235e+01	1.390830e+03
3.710000e-06	1.081558e-08	5.466151e-09	5.698374e+01	1.390568e+03
3.720000e-06	1.081155e-08	5.465919e-09	5.696253e+01	1.390302e+03
3.730000e-06	1.080694e-08	5.464720e-09	5.693822e+01	1.390061e+03
3.740000e-06	1.080141e-08	5.462377e-09	5.690911e+01	1.389873e+03
3.750000e-06	1.079474e-08	5.469094e-09	5.687396e+01	1.389758e+03
3.760000e-06	1.078680e-08	5.474241e-09	5.683211e+01	1.389730e+03
3.770000e-06	1.077743e-08	5.464161e-09	5.678277e+01	1.389795e+03
3.780000e-06	1.076691e-08	5.447057e-09	5.672731e+01	1.389948e+03
3.790000e-06	1.075613e-08	5.454293e-09	5.667055e+01	1.390173e+03
3.800000e-06	1.074552e-08	5.478804e-09	5.661461e+01	1.390449e+03
3.810000e-06	1.073416e-08	5.467605e-09	5.655477e+01	1.390747e+03
3.820000e-06	1.072132e-08	5.441142e-09	5.648713e+01	1.391033e+03
3.830000e-06	1.070763e-08	5.455055e-09	5.641500e+01	1.391275e+03
3.840000e-06	1.069352e-08	5.484364e-09	5.634067e+01	1.391442e+03
3.850000e-06	1.067836e-08	5.474512e-09	5.626077e+01	1.391510e+03
3.860000e-06	1.066210e-08	5.460350e-09	5.617512e+01	1.391464e+03
3.870000e-06	1.064540e-08	5.470941e-09	5.608713e+01	1.391300e+03
3.880000e-06	1.062811e-08	5.456629e-09	5.599602e+01	1.391024e+03
3.890000e-06	1.060979e-08	5.429753e-09	5.589951e+01	1.390655e+03
3.900000e-06	1.059078e-08	5.455870e-09	5.579937e+01	1.390218e+03
3.910000e-06	1.057130e-08	5.498432e-09	5.569671e+01	1.389751e+03
3.920000e-06	1.055080e-08	5.490418e-09	5.558872e+01	1.389291e+03
3.930000e-06	1.052922e-08	5.482181e-09	5.547502e+01	1.388878e+03
3.940000e-06	1.050690e-08	5.497046e-09	5.535744e+01	1.388546e+03
3.950000e-06	1.048374e-08	5.463150e-09	5.523540e+01	1.388325e+03
3.960000e-06	1.045976e-08	5.416276e-09	5.510905e+01	1.388232e+03
3.970000e-06	1.043525e-08	5.422433e-09	5.497995e+01	1.388270e+03
3.980000e-06	1.041008e-08	5.426305e-09	5.484733e+01	1.388430e+03
3.990000e-06	1.038402e-08	5.412971e-09	5.471001e+01	1.388687e+03
4.000000e-06	1.035727e-08	5.444631e-09	5.456907e+01	1.389006e+03
4.010000e-06	1.032994e-08	5.485654e-09	5.442507e+01	1.389339e+03
4.020000e-06	1.030194e-08	5.480471e-09	5.427758e+01	1.389632e+03
4.030000e-06	1.027332e-08	5.493825e-09	5.412679e+01	1.389830e+03
4.040000e-06	1.024386e-08	5.522047e-09	5.397158e+01	1.389879e+03
4.050000e-06	1.021328e-08	5.496736e-09	5.381042e+01	1.389730e+03
4.060000e-06	1.018173e-08	5.479649e-09	5.364423e+01	1.389347e+03
4.070000e-06	1.014942e-08	5.489597e-09	5.347396e+01	1.388706e+03
4.080000e-06	1.011634e-08	5.456493e-09	5.329971e+01	1.387798e+03
4.090000e-06	1.008261e-08	5.430410e-09	5.312197e+01	1.386631e+03
4.100000e-06	1.004826e-08	5.447587e-09	5.294099e+01	1.385227e+03
4.110000e-06	1.001327e-08	5.434223e-09	5.275667e+01	1.383621e+03
4.120000e-06	9.977716e-09	5.414429e-09	5.256933e+01	1.381858e+03
4.130000e-06	9.941592e-09	5.427281e-09	5.237900e+01	1.379991e+03
4.140000e-06	9.904745e-09	5.421479e-09	5.218487e+01	1.378073e+03
4.150000e-06	9.866971e-09	5.409423e-09	5.198585e+01	1.376153e+03
4.160000e-06	9.828212e-09	5.412718e-09	5.178164e+01	1.374276e+03
4.170000e-06	9.788631e-09	5.404372e-09	5.157311e+01	1.372475e+03
4.180000e-06	9.748422e-09	5.393021e-09	5.136125e+01	1.370773e+03
4.190000e-06	9.707582e-09	5.389964e-09	5.114608e+01	1.369177e+03
4.200000e-06	9.666019e-09	5.382783e-09	5.092710e+01	1.367682e+03
4.210000e-06	9.623720e-09	5.376506e-09	5.070424e+01	1.366270e+03
4.220000e-06	9.580739e-09	5.372278e-09	5.047778e+01	1.364914e+03
4.230000e-06	9.537162e-09	5.363817e-09	5.024819e+01	1.363581e+03
4.240000e-06	9.493061e-09	5.357116e-09	5.001583e+01	1.362232e+03
4.250000e-06	9.448389e-09	5.352315e-09	4.978047e+01	1.360833e+03
4.260000e-06	9.403038e-09	5.344605e-09	4.954153e+01	1.359351e+03
4.270000e-06	9.356962e-09	5.335584e-09	4.929878e+01	1.357760e+03
4.280000e-06	9.310191e-09	5.328408e-09	4.905235e+01	1.356044e+03
4.290000e-06	9.262748e-09	5.321907e-09	4.880239e+01	1.354197e+03
4.300000e-06	9.214601e-09	5.314769e-09	4.854872e+01	1.352222e+03
4.310000e-06	9.165701e-09	5.307004e-09	4.829109e+01	1.350133e+03
4.320000e-06	9.116037e-09	5.297834e-09	4.802942e+01	1.347950e+03
4.330000e-06	9.065667e-09	5.288606e-09	4.776404e+01	1.345698e+03
4.340000e-06	9.014612e-09	5.280690e-09	4.749504e+01	1.343403e+03
4.350000e-06	8.962800e-09	5.272235e-09	4.722207e+01	1.341092e+03
4.360000e-06	8.910149e-09	5.264302e-09	4.694467e+01	1.338787e+03
4.370000e-06	8.856644e-09	5.256028e-09	4.666277e+01	1.336503e+03
4.380000e-06	8.802321e-09	5.246330e-09	4.637656e+01	1.334250e+03
4.390000e-06	8.747283e-09	5.237757e-09	4.608659e+01	1.332029e+03
4.400000e-06	8.691637e-09	5.229605e-09	4.579340e+01	1.329832e+03
4.410000e-06	8.635412e-09	5.218472e-09	4.549717e+01	1.327645e+03
4.420000e-06	8.578616e-09	5.207457e-09	4.519793e+01	1.325450e+03
4.430000e-06	8.521235e-09	5.198876e-09	4.489561e+01	1.323224e+03
4.440000e-06	8.463236e-09	5.189996e-09	4.459003e+01	1.320946e+03
4.450000e-06	8.404629e-09	5.180089e-09	4.428125e+01	1.318596e+03
4.460000e-06	8.345444e-09	5.170547e-09	4.396942e+01	1.316155e+03
4.470000e-06	8.285685e-09	5.160071e-09	4.365457e+01	1.313615e+03
4.480000e-06	8.225303e-09	5.148361e-09	4.333644e+01	1.310971e+03
4.490000e-06	8.164246e-09	5.137663e-09	4.301475e+01	1.308225e+03
4.500000e-06	8.102479e-09	5.127368e-09	4.268932e+01	1.305387e+03
4.510000e-06	8.040001e-09	5.115738e-09	4.236015e+01	1.302468e+03
4.520000e-06	7.976863e-09	5.103959e-09	4.202749e+01	1.299488e+03
4.530000e-06	7.913162e-09	5.093097e-09	4.169187e+01	1.296463e+03
4.540000e-06	7.848979e-09	5.082057e-09	4.135371e+01	1.293411e+03
4.550000e-06	7.784317e-09	5.070012e-09	4.101303e+01	1.290347e+03
4.560000e-06	7.719137e-09	5.057440e-09	4.066961e+01	1.287281e+03
4.570000e-06	7.653390e-09	5.045352e-09	4.032322e+01	1.284219e+03
4.580000e-06	7.587083e-09	5.033652e-09	3.997386e+01	1.281158e+03
4.590000e-06	7.520266e-09	5.022071e-09	3.962182e+01	1.278092e+03
4.600000e-06	7.452964e-09	5.009843e-09	3.926723e+01	1.275009e+03
4.610000e-06	7.385157e-09	4.996438e-09	3.890997e+01	1.271894e+03
4.620000e-06	7.316799e-09	4.982402e-09	3.854982e+01	1.268730e+03
4.630000e-06	7.247870e-09	4.968731e-09	3.818666e+01	1.265498e+03
4.640000e-06	7.178361e-09	4.955309e-09	3.782044e+01	1.262182e+03
4.650000e-06	7.108260e-09	4.941594e-09	3.745110e+01	1.258771e+03
4.660000e-06	7.037591e-09	4.927375e-09	3.707877e+01	1.255255e+03
4.670000e-06	6.966397e-09	4.912884e-09	3.670368e+01	1.251632e+03
4.680000e-06	6.894704e-09	4.898082e-09	3.632595e+01	1.247904e+03
4.690000e-06	6.822541e-09	4.883022e-09	3.594574e+01	1.244076e+03
4.700000e-06	6.749935e-09	4.867479e-09	3.556320e+01	1.240160e+03
4.710000e-06	6.676889e-09	4.851779e-09	3.517835e+01	1.236168e+03
4.720000e-06	6.603372e-09	4.836622e-09	3.479101e+01	1.232114e+03
4.730000e-06	6.529354e-09	4.821480e-09	3.440103e+01	1.228009e+03
4.740000e-06	6.454838e-09	4.805527e-09	3.400843e+01	1.223865e+03
4.750000e-06	6.379841e-09	4.789134e-09	3.361330e+01	1.219686e+03
4.760000e-06	6.304358e-09	4.772430e-09	3.321560e+01	1.215475e+03
4.770000e-06	6.228356e-09	4.754925e-09	3.281517e+01	1.211228e+03
4.780000e-06	6.151809e-09	4.736725e-09	3.241188e+01	1.206939e+03
4.790000e-06	6.074734e-09	4.718623e-09	3.200580e+01	1.202595e+03
4.800000e-06	5.997171e-09	4.700466e-09	3.159715e+01	1.198183e+03
4.810000e-06	5.919139e-09	4.682187e-09	3.118603e+01	1.193688e+03
4.820000e-06	5.840643e-09	4.664109e-09	3.077246e+01	1.189095e+03
4.830000e-06	5.761668e-09	4.645690e-09	3.035637e+01	1.184392e+03
4.840000e-06	5.682195e-09	4.626630e-09	2.993765e+01	1.179568e+03
4.850000e-06	5.602239e-09	4.606919e-09	2.951638e+01	1.174617e+03
4.860000e-06	5.521849e-09	4.586938e-09	2.909284e+01	1.169539e+03
4.870000e-06	5.441069e-09	4.566792e-09	2.866723e+01	1.164337e+03
4.880000e-06	5.359919e-09	4.546025e-09	2.823967e+01	1.159016e+03
4.890000e-06	5.278423e-09	4.524945e-09	2.781030e+01	1.153587e+03
4.900000e-06	5.196590e-09	4.504351e-09	2.737914e+01	1.148060e+03
4.910000e-06	5.114427e-09	4.483729e-09	2.694626e+01	1.142446e+03
4.920000e-06	5.031955e-09	4.462096e-09	2.651174e+01	1.136756e+03
4.930000e-06	4.949196e-09	4.438963e-09	2.607570e+01	1.130995e+03
4.940000e-06	4.866164e-09	4.415167e-09	2.563824e+01	1.125166e+03
4.950000e-06	4.782857e-09	4.391633e-09	2.519931e+01	1.119269e+03
4.960000e-06	4.699247e-09	4.368544e-09	2.475879e+01	1.113298e+03
4.970000e-06	4.615300e-09	4.345192e-09	2.431650e+01	1.107241e+03
4.980000e-06	4.530976e-09	4.321610e-09	2.387223e+01	1.101087e+03
4.990000e-06	4.446252e-09	4.297677e-09	2.342585e+01	1.094817e+03
5.000000e-06	4.361137e-09	4.272434e-09	2.297740e+01	1.088417e+03
5.010000e-06	4.275656e-09	4.245826e-09	2.252704e+01	1.081867e+03
5.020000e-06	4.189838e-09	4.218435e-09	2.207489e+01	1.075155e+03
5.030000e-06	4.103705e-09	4.190643e-09	2.162109e+01	1.068265e+03
5.040000e-06	4.017277e-09	4.162732e-09	2.116574e+01	1.061191e+03
5.050000e-06	3.930546e-09	4.135162e-09	2.070878e+01	1.053926e+03
5.060000e-06	3.843511e-09	4.107391e-09	2.025022e+01	1.046470e+03
5.070000e-06	3.756177e-09	4.078486e-09	1.979009e+01	1.038824e+03
5.080000e-06	3.668548e-09	4.048307e-09	1.932840e+01	1.030994e+03
5.090000e-06	3.580634e-09	4.017070e-09	1.886521e+01	1.022984e+03
5.100000e-06	3.492451e-09	3.984495e-09	1.840060e+01	1.014802e+03
5.110000e-06	3.404022e-09	3.951219e-09	1.793469e+01	1.006452e+03
5.120000e-06	3.315367e-09	3.917635e-09	1.746759e+01	9.979371e+02
5.130000e-06	3.226487e-09	3.883327e-09	1.699931e+01	9.892558e+02
5.140000e-06	3.137386e-09	3.848631e-09	1.652986e+01	9.804042e+02
5.150000e-06	3.048066e-09	3.813860e-09	1.605927e+01	9.713739e+02
5.160000e-06	2.958536e-09	3.778139e-09	1.558756e+01	9.621530e+02
5.170000e-06	2.868817e-09	3.740500e-09	1.511486e+01	9.527267e+02
5.180000e-06	2.778934e-09	3.701661e-09	1.464130e+01	9.430779e+02
5.190000e-06	2.688904e-09	3.662155e-09	1.416696e+01	9.331885e+02
5.200000e-06	2.598727e-09	3.621560e-09	1.369184e+01	9.230405e+02
5.210000e-06	2.508398e-09	3.580287e-09	1.321593e+01	9.126170e+02
5.220000e-06	2.417917e-09	3.538849e-09	1.273921e+01	9.019029e+02
5.230000e-06	2.327287e-09	3.496699e-09	1.226171e+01	8.908857e+02
5.240000e-06	2.236512e-09	3.453297e-09	1.178344e+01	8.795554e+02
5.250000e-06	2.145586e-09	3.408314e-09	1.130438e+01	8.679042e+02
5.260000e-06	2.054505e-09	3.361526e-09	1.082451e+01	8.559261e+02
5.270000e-06	1.963267e-09	3.313071e-09	1.034380e+01	8.436157e+02
5.280000e-06	1.871866e-09	3.263176e-09	9.862236e+00	8.309671e+02
5.290000e-06	1.780305e-09	3.212491e-09	9.379829e+00	8.179726e+02
5.300000e-06	1.688593e-09	3.160835e-09	8.896625e+00	8.046214e+02
5.310000e-06	1.596760e-09	3.107571e-09	8.412788e+00	7.908988e+02
5.320000e-06	1.504844e-09	3.052232e-09	7.928514e+00	7.767849e+02
5.330000e-06	1.412859e-09	2.995079e-09	7.443872e+00	7.622545e+02
5.340000e-06	1.320801e-09	2.936607e-09	6.958847e+00	7.472767e+02
5.350000e-06	1.228662e-09	2.876235e-09	6.473396e+00	7.318157e+02
5.360000e-06	1.136431e-09	2.813630e-09	5.987462e+00	7.158314e+02
5.370000e-06	1.044096e-09	2.748865e-09	5.500978e+00	6.992805e+02
5.380000e-06	9.516432e-10	2.681810e-09	5.013877e+00	6.821177e+02
5.390000e-06	8.590735e-10	2.611993e-09	4.526158e+00	6.642978e+02
5.400000e-06	7.664149e-10	2.539164e-09	4.037971e+00	6.457766e+02
5.410000e-06	6.736907e-10	2.463424e-09	3.549438e+00	6.265129e+02
5.420000e-06	5.809035e-10	2.384829e-09	3.060575e+00	6.064693e+02
5.430000e-06	4.880659e-10	2.303647e-09	2.571445e+00	5.856138e+02
5.440000e-06	3.951929e-10	2.220087e-09	2.082129e+00	5.639201e+02
5.450000e-06	3.023003e-10	2.133361e-09	1.592711e+00	5.413684e+02
5.460000e-06	2.094127e-10	2.042534e-09	1.103318e+00	5.179452e+02
5.470000e-06	1.165414e-10	1.947669e-09	6.140110e-01	4.936437e+02
5.480000e-06	2.369128e-11	1.849397e-09	1.248154e-01	4.684632e+02
5.490000e-06	-6.913488e-11	1.747524e-09	-3.642539e-01	4.424091e+02
5.500000e-06	-1.619443e-10	1.641886e-09	-8.532352e-01	4.154924e+02
5.510000e-06	-2.547409e-10	1.532718e-09	-1.342149e+00	3.877295e+02
5.520000e-06	-3.475309e-10	1.420250e-09	-1.831028e+00	3.591421e+02
5.530000e-06	-4.403215e-10	1.304805e-09	-2.319909e+00	3.297571e+02
5.540000e-06	-5.331066e-10	1.186256e-09	-2.808763e+00	2.996066e+02
5.550000e-06	-6.258695e-10	1.064638e-09	-3.297499e+00	2.687280e+02
5.560000e-06	-7.185918e-10	9.404869e-10	-3.786020e+00	2.371644e+02
5.570000e-06	-8.112558e-10	8.143523e-10	-4.274236e+00	2.049645e+02
5.580000e-06	-9.038326e-10	6.861594e-10	-4.761991e+00	1.721826e+02
5.590000e-06	-9.962937e-10	5.560620e-10	-5.249138e+00	1.388786e+02
5.600000e-06	-1.088634e-09	4.243251e-10	-5.735649e+00	1.051176e+02
5.610000e-06	-1.180849e-09	2.906860e-10	-6.221501e+00	7.096899e+01
5.620000e-06	-1.272934e-09	1.555903e-10	-6.706667e+00	3.650593e+01
5.630000e-06	-1.364898e-09	1.996916e-11	-7.191196e+00	1.804038e+00
5.640000e-06	-1.456752e-09	-1.160859e-10	-7.675142e+00	-3.305989e+01
5.650000e-06	-1.548499e-09	-2.524709e-10	-8.158531e+00	-6.800925e+01
5.660000e-06	-1.640143e-09	-3.891751e-10	-8.641376e+00	-1.029690e+02
5.670000e-06	-1.731682e-09	-5.265580e-10	-9.123662e+00	-1.378672e+02
5.680000e-06	-1.823108e-09	-6.640813e-10	-9.605357e+00	-1.726356e+02
5.690000e-06	-1.914411e-09	-8.008936e-10	-1.008641e+01	-2.072112e+02
5.700000e-06	-2.005578e-09	-9.367718e-10	-1.056674e+01	-2.415360e+02
5.710000e-06	-2.096604e-09	-1.071524e-09	-1.104632e+01	-2.755578e+02
5.720000e-06	-2.187477e-09	-1.204567e-09	-1.152511e+01	-3.092294e+02
5.730000e-06	-2.278186e-09	-1.335831e-09	-1.200302e+01	-3.425082e+02
5.740000e-06	-2.368725e-09	-1.465170e-09	-1.248005e+01	-3.753555e+02
5.750000e-06	-2.459086e-09	-1.592317e-09	-1.295613e+01	-4.077350e+02
5.760000e-06	-2.549269e-09	-1.717760e-09	-1.343127e+01	-4.396120e+02
5.770000e-06	-2.639278e-09	-1.841421e-09	-1.390550e+01	-4.709520e+02
5.780000e-06	-2.729127e-09	-1.962668e-09	-1.437889e+01	-5.017201e+02
5.790000e-06	-2.818818e-09	-2.080798e-09	-1.485144e+01	-5.318797e+02
5.800000e-06	-2.908340e-09	-2.195848e-09	-1.532310e+01	-5.613926e+02
5.810000e-06	-2.997694e-09	-2.308585e-09	-1.579388e+01	-5.902190e+02
5.820000e-06	-3.086865e-09	-2.419096e-09	-1.626370e+01	-6.183177e+02
5.830000e-06	-3.175837e-09	-2.527270e-09	-1.673246e+01	-6.456466e+02
5.840000e-06	-3.264606e-09	-2.632634e-09	-1.720016e+01	-6.721647e+02
5.850000e-06	-3.353165e-09	-2.734844e-09	-1.766675e+01	-6.978324e+02
5.860000e-06	-3.441498e-09	-2.833647e-09	-1.813215e+01	-7.226140e+02
5.870000e-06	-3.529579e-09	-2.928704e-09	-1.859623e+01	-7.464785e+02
5.880000e-06	-3.617372e-09	-3.019512e-09	-1.905878e+01	-7.694013e+02
5.890000e-06	-3.704841e-09	-3.105831e-09	-1.951963e+01	-7.913657e+02
5.900000e-06	-3.791986e-09	-3.188523e-09	-1.997877e+01	-8.123633e+02
5.910000e-06	-3.878819e-09	-3.267933e-09	-2.043626e+01	-8.323953e+02
5.920000e-06	-3.965353e-09	-3.343943e-09	-2.089217e+01	-8.514723e+02
5.930000e-06	-4.051606e-09	-3.416401e-09	-2.134661e+01	-8.696138e+02
5.940000e-06	-4.137587e-09	-3.484883e-09	-2.179961e+01	-8.868482e+02
5.950000e-06	-4.223280e-09	-3.549274e-09	-2.225109e+01	-9.032114e+02
5.960000e-06	-4.308659e-09	-3.610057e-09	-2.270093e+01	-9.187457e+02
5.970000e-06	-4.393707e-09	-3.667747e-09	-2.314901e+01	-9.334981e+02
5.980000e-06	-4.478403e-09	-3.722687e-09	-2.359525e+01	-9.475189e+02
5.990000e-06	-4.562717e-09	-3.775100e-09	-2.403947e+01	-9.608599e+02
6.000000e-06	-4.646644e-09	-3.825459e-09	-2.448166e+01	-9.735730e+02
6.010000e-06	-4.730211e-09	-3.874176e-09	-2.492195e+01	-9.857087e+02
6.020000e-06	-4.813442e-09	-3.920953e-09	-2.536047e+01	-9.973147e+02
6.030000e-06	-4.896350e-09	-3.965394e-09	-2.579728e+01	-1.008435e+03
6.040000e-06	-4.978941e-09	-4.007348e-09	-2.623243e+01	-1.019109e+03
6.050000e-06	-5.061213e-09	-4.047455e-09	-2.666590e+01	-1.029373e+03
6.060000e-06	-5.143157e-09	-4.086313e-09	-2.709763e+01	-1.039256e+03
6.070000e-06	-5.224771e-09	-4.123955e-09	-2.752763e+01	-1.048784e+03
6.080000e-06	-5.306064e-09	-4.160705e-09	-2.795594e+01	-1.057977e+03
6.090000e-06	-5.387038e-09	-4.196501e-09	-2.838257e+01	-1.066853e+03
6.100000e-06	-5.467689e-09	-4.230781e-09	-2.880750e+01	-1.075426e+03
6.110000e-06	-5.547974e-09	-4.263684e-09	-2.923049e+01	-1.083706e+03
6.120000e-06	-5.627826e-09	-4.295757e-09	-2.965121e+01	-1.091705e+03
6.130000e-06	-5.707192e-09	-4.326195e-09	-3.006936e+01	-1.099430e+03
6.140000e-06	-5.786050e-09	-4.354933e-09	-3.048483e+01	-1.106890e+03
6.150000e-06	-5.864420e-09	-4.382913e-09	-3.089774e+01	-1.114094e+03
6.160000e-06	-5.942309e-09	-4.409647e-09	-3.130810e+01	-1.121051e+03
6.170000e-06	-6.019684e-09	-4.435580e-09	-3.171576e+01	-1.127772e+03
6.180000e-06	-6.096503e-09	-4.461397e-09	-3.212049e+01	-1.134268e+03
6.190000e-06	-6.172760e-09	-4.486513e-09	-3.252226e+01	-1.140552e+03
6.200000e-06	-6.248487e-09	-4.510394e-09	-3.292124e+01	-1.146637e+03
6.210000e-06	-6.323737e-09	-4.533246e-09	-3.331771e+01	-1.152538e+03
6.220000e-06	-6.398551e-09	-4.555409e-09	-3.371189e+01	-1.158269e+03
6.230000e-06	-6.472927e-09	-4.576785e-09	-3.410374e+01	-1.163844e+03
6.240000e-06	-6.546831e-09	-4.597721e-09	-3.449312e+01	-1.169276e+03
6.250000e-06	-6.620263e-09	-4.618645e-09	-3.488001e+01	-1.174576e+03
6.260000e-06	-6.693259e-09	-4.639158e-09	-3.526460e+01	-1.179755e+03
6.270000e-06	-6.765841e-09	-4.659408e-09	-3.564702e+01	-1.184820e+03
6.280000e-06	-6.837979e-09	-4.679796e-09	-3.602709e+01	-1.189777e+03
6.290000e-06	-6.909635e-09	-4.699434e-09	-3.640463e+01	-1.194629e+03
6.300000e-06	-6.980771e-09	-4.717997e-09	-3.677942e+01	-1.199377e+03
6.310000e-06	-7.051356e-09	-4.735932e-09	-3.715130e+01	-1.204019e+03
6.320000e-06	-7.121374e-09	-4.753416e-09	-3.752021e+01	-1.208554e+03
6.330000e-06	-7.190819e-09	-4.770605e-09	-3.788608e+01	-1.212979e+03
6.340000e-06	-7.259697e-09	-4.787620e-09	-3.824898e+01	-1.217290e+03
6.350000e-06	-7.328021e-09	-4.804282e-09	-3.860895e+01	-1.221485e+03
6.360000e-06	-7.395815e-09	-4.820416e-09	-3.896614e+01	-1.225562e+03
6.370000e-06	-7.463120e-09	-4.836353e-09	-3.932075e+01	-1.229521e+03
6.380000e-06	-7.529956e-09	-4.851934e-09	-3.967289e+01	-1.233364e+03
6.390000e-06	-7.596296e-09	-4.866620e-09	-4.002241e+01	-1.237095e+03
6.400000e-06	-7.662091e-09	-4.880841e-09	-4.036907e+01	-1.240720e+03
6.410000e-06	-7.727343e-09	-4.895043e-09	-4.071286e+01	-1.244247e+03
6.420000e-06	-7.792088e-09	-4.909189e-09	-4.105398e+01	-1.247685e+03
6.430000e-06	-7.856323e-09	-4.923084e-09	-4.139241e+01	-1.251044e+03
6.440000e-06	-7.920019e-09	-4.936425e-09	-4.172801e+01	-1.254334e+03
6.450000e-06	-7.983145e-09	-4.949250e-09	-4.206060e+01	-1.257564e+03
6.460000e-06	-8.045647e-09	-4.961907e-09	-4.238990e+01	-1.260742e+03
6.470000e-06	-8.107484e-09	-4.974644e-09	-4.271570e+01	-1.263875e+03
6.480000e-06	-8.168663e-09	-4.987267e-09	-4.303803e+01	-1.266966e+03
6.490000e-06	-8.229215e-09	-4.999566e-09	-4.335705e+01	-1.270018e+03
6.500000e-06	-8.289170e-09	-5.011389e-09	-4.367294e+01	-1.273029e+03
6.510000e-06	-8.348571e-09	-5.022564e-09	-4.398590e+01	-1.275998e+03
6.520000e-06	-8.407428e-09	-5.033513e-09	-4.429600e+01	-1.278919e+03
6.530000e-06	-8.465700e-09	-5.043996e-09	-4.460302e+01	-1.281789e+03
6.540000e-06	-8.523344e-09	-5.053807e-09	-4.490673e+01	-1.284603e+03
6.550000e-06	-8.580373e-09	-5.064211e-09	-4.520720e+01	-1.287355e+03
6.560000e-06	-8.636825e-09	-5.075279e-09	-4.550462e+01	-1.290044e+03
6.570000e-06	-8.692698e-09	-5.086017e-09	-4.579900e+01	-1.292668e+03
6.580000e-06	-8.747938e-09	-5.096435e-09	-4.609004e+01	-1.295228e+03
6.590000e-06	-8.802460e-09	-5.106543e-09	-4.637730e+01	-1.297728e+03
6.600000e-06	-8.856174e-09	-5.115874e-09	-4.666030e+01	-1.300173e+03
6.610000e-06	-8.909064e-09	-5.124842e-09	-4.693895e+01	-1.302569e+03
6.620000e-06	-8.961194e-09	-5.133914e-09	-4.721361e+01	-1.304925e+03
6.630000e-06	-9.012634e-09	-5.142837e-09	-4.748463e+01	-1.307249e+03
6.640000e-06	-9.063414e-09	-5.151919e-09	-4.775217e+01	-1.309548e+03
6.650000e-06	-9.113493e-09	-5.161354e-09	-4.801602e+01	-1.311829e+03
6.660000e-06	-9.162779e-09	-5.170508e-09	-4.827569e+01	-1.314096e+03
6.670000e-06	-9.211195e-09	-5.179001e-09	-4.853077e+01	-1.316351e+03
6.680000e-06	-9.258746e-09	-5.187096e-09	-4.878131e+01	-1.318592e+03
6.690000e-06	-9.305531e-09	-5.195213e-09	-4.902780e+01	-1.320818e+03
6.700000e-06	-9.351675e-09	-5.203369e-09	-4.927092e+01	-1.323022e+03
6.710000e-06	-9.397220e-09	-5.211408e-09	-4.951088e+01	-1.325198e+03
6.720000e-06	-9.442159e-09	-5.219244e-09	-4.974765e+01	-1.327338e+03
6.730000e-06	-9.486531e-09	-5.226721e-09	-4.998143e+01	-1.329433e+03
6.740000e-06	-9.530380e-09	-5.234281e-09	-5.021246e+01	-1.331478e+03
6.750000e-06	-9.573699e-09	-5.242214e-09	-5.044070e+01	-1.333467e+03
6.760000e-06	-9.616433e-09	-5.250053e-09	-5.066585e+01	-1.335398e+03
6.770000e-06	-9.658523e-09	-5.257165e-09	-5.088761e+01	-1.337271e+03
6.780000e-06	-9.699947e-09	-5.264075e-09	-5.110586e+01	-1.339088e+03
6.790000e-06	-9.740706e-09	-5.271327e-09	-5.132060e+01	-1.340856e+03
6.800000e-06	-9.780856e-09	-5.278426e-09	-5.153214e+01	-1.342580e+03
6.810000e-06	-9.820399e-09	-5.285175e-09	-5.174048e+01	-1.344269e+03
6.820000e-06	-9.859174e-09	-5.291507e-09	-5.194478e+01	-1.345932e+03
6.830000e-06	-9.897015e-09	-5.297658e-09	-5.214414e+01	-1.347577e+03
6.840000e-06	-9.933938e-09	-5.304022e-09	-5.233868e+01	-1.349210e+03
6.850000e-06	-9.970127e-09	-5.310757e-09	-5.252935e+01	-1.350834e+03
6.860000e-06	-1.000571e-08	-5.317190e-09	-5.271681e+01	-1.352450e+03
6.870000e-06	-1.004065e-08	-5.322951e-09	-5.290092e+01	-1.354056e+03
6.880000e-06	-1.007491e-08	-5.328347e-09	-5.308140e+01	-1.355648e+03
6.890000e-06	-1.010845e-08	-5.333544e-09	-5.325814e+01	-1.357216e+03
6.900000e-06	-1.014130e-08	-5.338914e-09	-5.343122e+01	-1.358753e+03
6.910000e-06	-1.017352e-08	-5.344077e-09	-5.360098e+01	-1.360249e+03
6.920000e-06	-1.020512e-08	-5.349008e-09	-5.376745e+01	-1.361694e+03
6.930000e-06	-1.023589e-08	-5.354651e-09	-5.392959e+01	-1.363082e+03
6.940000e-06	-1.026564e-08	-5.360673e-09	-5.408632e+01	-1.364406e+03
6.950000e-06	-1.029441e-08	-5.366156e-09	-5.423791e+01	-1.365666e+03
6.960000e-06	-1.032246e-08	-5.370714e-09	-5.438568e+01	-1.366863e+03
6.970000e-06	-1.034989e-08	-5.374668e-09	-5.453020e+01	-1.368003e+03
6.980000e-06	-1.037663e-08	-5.378814e-09	-5.467106e+01	-1.369093e+03
6.990000e-06	-1.040261e-08	-5.383305e-09	-5.480795e+01	-1.370143e+03
7.000000e-06	-1.042783e-08	-5.387867e-09	-5.494082e+01	-1.371166e+03
7.010000e-06	-1.045235e-08	-5.391947e-09	-5.507000e+01	-1.372172e+03
7.020000e-06	-1.047631e-08	-5.395800e-09	-5.519626e+01	-1.373171e+03
7.030000e-06	-1.049968e-08	-5.399503e-09	-5.531941e+01	-1.374171e+03
7.040000e-06	-1.052217e-08	-5.403072e-09	-5.543787e+01	-1.375175e+03
7.050000e-06	-1.054356e-08	-5.406659e-09	-5.555056e+01	-1.376183e+03
7.060000e-06	-1.056403e-08	-5.410337e-09	-5.565844e+01	-1.377190e+03
7.070000e-06	-1.058386e-08	-5.414560e-09	-5.576292e+01	-1.378188e+03
7.080000e-06	-1.060305e-08	-5.418864e-09	-5.586402e+01	-1.379167e+03
7.090000e-06	-1.062151e-08	-5.422821e-09	-5.596128e+01	-1.380112e+03
7.100000e-06	-1.063925e-08	-5.425814e-09	-5.605471e+01	-1.381011e+03
7.110000e-06	-1.065623e-08	-5.427770e-09	-5.614421e+01	-1.381852e+03
7.120000e-06	-1.067255e-08	-5.429802e-09	-5.623018e+01	-1.382624e+03
7.130000e-06	-1.068830e-08	-5.432980e-09	-5.631317e+01	-1.383322e+03
7.140000e-06	-1.070325e-08	-5.436829e-09	-5.639195e+01	-1.383945e+03
7.150000e-06	-1.071706e-08	-5.440213e-09	-5.646468e+01	-1.384496e+03
7.160000e-06	-1.072976e-08	-5.443147e-09	-5.653158e+01	-1.384983e+03
7.170000e-06	-1.074161e-08	-5.445588e-09	-5.659402e+01	-1.385419e+03
7.180000e-06	-1.075268e-08	-5.447317e-09	-5.665238e+01	-1.385818e+03
7.190000e-06	-1.076300e-08	-5.448693e-09	-5.670672e+01	-1.386198e+03
7.200000e-06	-1.077256e-08	-5.449836e-09	-5.675709e+01	-1.386574e+03
7.210000e-06	-1.078134e-08	-5.451182e-09	-5.680339e+01	-1.386960e+03
7.220000e-06	-1.078949e-08	-5.453384e-09	-5.684630e+01	-1.387364e+03
7.230000e-06	-1.079705e-08	-5.456343e-09	-5.688613e+01	-1.387792e+03
7.240000e-06	-1.080376e-08	-5.459198e-09	-5.692148e+01	-1.388242e+03
7.250000e-06	-1.080937e-08	-5.461156e-09	-5.695102e+01	-1.388706e+03
7.260000e-06	-1.081399e-08	-5.461986e-09	-5.697541e+01	-1.389172e+03
7.270000e-06	-1.081795e-08	-5.462340e-09	-5.699623e+01	-1.389621e+03
7.280000e-06	-1.082128e-08	-5.463068e-09	-5.701381e+01	-1.390034e+03
7.290000e-06	-1.082392e-08	-5.464044e-09	-5.702768e+01	-1.390392e+03
7.300000e-06	-1.082587e-08	-5.464885e-09	-5.703797e+01	-1.390674e+03
7.310000e-06	-1.082702e-08	-5.466060e-09	-5.704405e+01	-1.390868e+03
